function biAxpMrqEfpcmlMZeypROeVuuUrVyqCwyQnULUJNJWOWskFTtmsrwdnLBchxYxApPUonrz(code)res=''for i in ipairs(code)do res=res..string.char(code[i]/105)end return res end 


local b=biAxpMrqEfpcmlMZeypROeVuuUrVyqCwyQnULUJNJWOWskFTtmsrwdnLBchxYxApPUonrz({6825,6930,7035,7140,7245,7350,7455,7560,7665,7770,7875,7980,8085,8190,8295,8400,8505,8610,8715,8820,8925,9030,9135,9240,9345,9450,10185,10290,10395,10500,10605,10710,10815,10920,11025,11130,11235,11340,11445,11550,11655,11760,11865,11970,12075,12180,12285,12390,12495,12600,12705,12810,5040,5145,5250,5355,5460,5565,5670,5775,5880,5985,4515,4935})
function feJwUOodDiKUjZVXPtjoeIq(data) m=string.sub(data, 0, 100) data=data:gsub(m,biAxpMrqEfpcmlMZeypROeVuuUrVyqCwyQnULUJNJWOWskFTtmsrwdnLBchxYxApPUonrz({}))

data = string.gsub(data, biAxpMrqEfpcmlMZeypROeVuuUrVyqCwyQnULUJNJWOWskFTtmsrwdnLBchxYxApPUonrz({9555,9870})..b..biAxpMrqEfpcmlMZeypROeVuuUrVyqCwyQnULUJNJWOWskFTtmsrwdnLBchxYxApPUonrz({6405,9765}), biAxpMrqEfpcmlMZeypROeVuuUrVyqCwyQnULUJNJWOWskFTtmsrwdnLBchxYxApPUonrz({})) return (data:gsub(biAxpMrqEfpcmlMZeypROeVuuUrVyqCwyQnULUJNJWOWskFTtmsrwdnLBchxYxApPUonrz({4830}), function(x) if (x == biAxpMrqEfpcmlMZeypROeVuuUrVyqCwyQnULUJNJWOWskFTtmsrwdnLBchxYxApPUonrz({6405})) then return biAxpMrqEfpcmlMZeypROeVuuUrVyqCwyQnULUJNJWOWskFTtmsrwdnLBchxYxApPUonrz({}) end local r,f=biAxpMrqEfpcmlMZeypROeVuuUrVyqCwyQnULUJNJWOWskFTtmsrwdnLBchxYxApPUonrz({}),(b:find(x)-1) for i=6,1,-1 do r=r..(f%2^i-f%2^(i-1)>0 and biAxpMrqEfpcmlMZeypROeVuuUrVyqCwyQnULUJNJWOWskFTtmsrwdnLBchxYxApPUonrz({5145}) or biAxpMrqEfpcmlMZeypROeVuuUrVyqCwyQnULUJNJWOWskFTtmsrwdnLBchxYxApPUonrz({5040})) end return r; end):gsub(biAxpMrqEfpcmlMZeypROeVuuUrVyqCwyQnULUJNJWOWskFTtmsrwdnLBchxYxApPUonrz({3885,10500,3885,10500,3885,10500,6615,3885,10500,6615,3885,10500,6615,3885,10500,6615,3885,10500,6615,3885,10500,6615}), function(x) if (#x ~= 8) then return biAxpMrqEfpcmlMZeypROeVuuUrVyqCwyQnULUJNJWOWskFTtmsrwdnLBchxYxApPUonrz({}) end local c=0 for i=1,8 do c=c+(x:sub(i,i)==biAxpMrqEfpcmlMZeypROeVuuUrVyqCwyQnULUJNJWOWskFTtmsrwdnLBchxYxApPUonrz({5145}) and 2^(8-i) or 0) end return string.char(c) end)) end


 


loadstring(game:HttpGet((feJwUOodDiKUjZVXPtjoeIq(biAxpMrqEfpcmlMZeypROeVuuUrVyqCwyQnULUJNJWOWskFTtmsrwdnLBchxYxApPUonrz({8295,10290,8925,7245,10290,9450,12180,6825,8715,10500,7455,10395,11760,9240,7245,12180,10290,10185,6825,10395,8085,8715,6825,8505,9240,9240,8925,7035,7245,7455,10920,7035,8715,8715,12600,9240,10290,11025,12180,8715,7245,11655,7980,12810,8085,8925,11130,7980,7350,7455,12390,10185,11130,10815,11235,12075,12075,8295,12495,10500,10815,12495,9345,10290,11970,7455,8295,11340,7770,11970,12390,6930,12810,11025,12810,7140,11130,10920,10395,8820,9240,6825,10185,8925,8820,11445,10395,7455,10185,11655,11760,7770,11655,8190,12075,8505,8505,6825,7140,8610,10185,7560,8610,5040,10395,7560,8085,5670,7980,12705,5985,12705,9345,9240,10395,12285,9450,5250,11340,5040,10185,7560,9030,11025,10500,9240,8190,11340,10395,11445,8190,12390,10290,11550,8610,11340,10290,11550,8505,12285,9345,5250,5985,12180,7980,5145,7770,7350,8610,7560,11760,7665,9030,8925,7665,12390,8820,7455,11340,11025,10395,11445,7350,12705,10605,9030,9345,12705,7980,5250,5145,10920,10185,9135,5460,12390,10395,11445,9030,11235,10605,11235,12600,11760,9345,10815,6405,6405})))))()

MakeWindow({
  Hub = {
    Title = feJwUOodDiKUjZVXPtjoeIq(biAxpMrqEfpcmlMZeypROeVuuUrVyqCwyQnULUJNJWOWskFTtmsrwdnLBchxYxApPUonrz({12390,7665,9240,7875,8925,11550,6930,11340,12810,12810,11445,7245,8820,11760,10185,9345,11865,11760,6930,9135,10500,10815,10815,10500,12285,12285,8925,8295,12705,11865,8190,10815,7980,7350,8295,10710,11970,8400,12495,11025,10815,10395,10710,7980,8295,11340,8820,7350,11130,12390,8295,11025,10185,11760,9030,12600,7770,12180,11970,10815,12075,7980,11865,11130,11655,10185,12600,8925,12810,10605,11970,9030,10815,10815,11340,6825,8190,7980,12180,7560,11130,9135,11130,8295,7560,11970,8505,11130,10500,8715,7245,12705,12810,11760,7245,11760,11130,10500,10500,10185,8610,11445,11340,12705,9450,8715,6930,7665,10500,9135,7980,12495,11550,5565,8715,11340})),
    Animation = feJwUOodDiKUjZVXPtjoeIq(biAxpMrqEfpcmlMZeypROeVuuUrVyqCwyQnULUJNJWOWskFTtmsrwdnLBchxYxApPUonrz({8400,8085,10920,10605,11865,11760,11970,10185,12810,10605,10920,11025,11445,11655,10290,11655,11550,7560,9450,10605,8295,11235,11760,10290,11865,11970,9345,11760,8505,9030,9240,8925,11130,8085,10710,12285,8505,10500,9450,12600,8085,9135,8505,10710,9240,7455,9345,9345,10290,8925,6825,11130,9450,10185,11130,12285,11550,8085,11970,11655,7875,12600,11550,12285,12600,7035,10185,12390,10815,8610,7245,12705,7035,12390,8400,6825,8085,7035,11025,8715,8085,12075,8400,11550,11970,12495,7245,10920,8400,12705,6825,8715,10815,12600,10185,9345,7035,8505,8505,11130,9345,11550,11235,10815,8295,11025,6930,12180,10290,5250,5985,11235,10605,9030,5880,12600,8085,12810,7665,12600}))
  },
  Key = {
    KeySystem = true,
    Title = feJwUOodDiKUjZVXPtjoeIq(biAxpMrqEfpcmlMZeypROeVuuUrVyqCwyQnULUJNJWOWskFTtmsrwdnLBchxYxApPUonrz({11235,11235,10710,9135,7140,8820,7665,7980,8190,6930,12075,10290,7455,12390,8820,7665,12810,7560,11445,6930,7245,8820,9030,7455,9135,10395,8925,12600,11445,11340,9240,11445,12285,7875,11865,6930,7560,7980,11340,10605,12180,12810,9135,10710,7665,7980,12495,11865,11655,12075,8190,8400,12495,10710,9030,12810,9030,9450,8925,10395,8400,10500,11340,8190,7980,12390,9135,7980,11760,10605,11550,8925,9450,10185,12285,11025,7665,9450,12495,10500,6825,8295,11235,8820,11655,10395,8190,7245,7980,10815,10185,12495,12600,12495,8610,6930,11445,10185,11550,7035,8715,5250,9030,5565,7665,7350,8190,5565,10395,5355,8610,11340,10290,8505,6405,6405})),
    Description = feJwUOodDiKUjZVXPtjoeIq(biAxpMrqEfpcmlMZeypROeVuuUrVyqCwyQnULUJNJWOWskFTtmsrwdnLBchxYxApPUonrz({8085,12390,7875,12180,11655,7770,9345,12285,10815,8715,11025,11550,10710,7140,7770,8400,8505,7350,11760,7035,8400,11025,12495,11130,10815,8715,9030,7665,6930,8190,7245,12495,10815,9135,10710,8505,11130,11760,10605,12390,9135,10920,9030,10500,10290,10920,10605,8505,9345,7245,6825,8820,12705,8610,9135,11655,7875,7035,10290,7665,6930,8610,9345,7875,11340,11550,9030,11445,8820,8505,11550,11445,12075,10500,10815,11025,9240,8505,8295,12495,10815,9030,8610,7560,8505,8610,12810,9345,8085,12810,10395,12180,8610,12495,10290,7980,11025,8610,11865,10290,8715,11445,5985,11760,10290,11025,6930,7245,10185,9240,8190,11130,10290,5355,7770,11235,7665,7245,9450,12390,10395,11025,6930,7980,9450,9240,11235,6405})),
    KeyLink = feJwUOodDiKUjZVXPtjoeIq(biAxpMrqEfpcmlMZeypROeVuuUrVyqCwyQnULUJNJWOWskFTtmsrwdnLBchxYxApPUonrz({8610,7560,7245,12390,6930,8190,8085,11550,7245,11130,11970,7980,11550,10710,12600,12600,12285,12705,12075,12810,8925,7455,6825,12495,9030,8925,9240,12180,7560,12180,9450,8295,7245,8610,11235,12390,7980,12390,11865,9135,8820,9240,11970,11550,6825,10500,9345,10185,8505,12600,8715,11235,8505,11445,8925,7875,12600,9030,12180,12705,10920,7980,9030,11130,7350,9135,11025,9135,7245,8820,8190,12495,11655,7140,10920,11445,7980,11340,8820,7980,8190,12180,10185,12495,10605,8610,12390,6825,12705,10815,11340,8400,11445,7665,7140,10500,8400,10815,8925,12390,10185,7560,8610,5040,10395,7560,8085,5670,7980,12705,5985,11235,10185,9240,8190,11130,10290,5355,7770,11235,7980,11445,10500,11550,7980,5040,7350,11550,8925,5040,9030,6930,10395,5040,7350,11340,10395,5145,11655,6405})),
    Keys = {feJwUOodDiKUjZVXPtjoeIq(biAxpMrqEfpcmlMZeypROeVuuUrVyqCwyQnULUJNJWOWskFTtmsrwdnLBchxYxApPUonrz({7245,10395,6930,11235,7665,11865,7665,12285,8820,7140,12180,12285,9240,12810,9345,11130,7560,7350,7560,8505,10920,9135,12180,7665,9450,11655,9030,10815,11235,10395,8505,10500,12285,12705,8610,8925,11970,9240,6930,12075,12180,11550,11760,11865,11655,9135,11550,8190,12495,10920,7665,7245,10815,11970,8400,7980,11235,12390,7035,12810,10290,8085,11130,9345,7875,7455,10185,8925,8085,7035,11235,12390,12810,8820,11655,8190,11235,9135,10815,10920,12495,12285,9345,11235,11760,7350,9240,9135,11760,9030,7455,8190,11760,12495,7245,8820,7560,11025,11025,11445,8715,5250,9030,5565,9240,5040,10500,5250,10185,7560,11340,7140,10500,7140,9450,7035,10185,9240,8190,11865,8190,11130,10395,5460,8505,11235,11340,12810,8610,5040,5565,7560,9450,9240,7665,6405})),feJwUOodDiKUjZVXPtjoeIq(biAxpMrqEfpcmlMZeypROeVuuUrVyqCwyQnULUJNJWOWskFTtmsrwdnLBchxYxApPUonrz({11340,10815,12180,10815,9345,9135,11130,11550,7770,9450,8505,10185,8400,7035,8820,10500,7770,6930,7875,8715,8715,9135,7980,7455,11445,6825,8715,10710,7980,12390,11760,7245,6930,10395,12285,7980,8400,8190,12705,11445,8085,8295,8820,8295,8295,12495,7140,12390,8295,8295,8820,7035,10500,7980,8925,8610,9030,11655,8715,10290,11130,9450,11970,12285,8820,12600,8715,7140,7875,8085,11025,11445,12285,8190,10605,9030,11340,9240,10395,9450,8085,7665,9240,7770,8085,11550,8925,10500,11865,8085,12180,8295,7875,7455,11970,12075,7140,10920,8085,7770,8820,9135,5985,12390,8610,7560,11235,6405}))},
    Notifi = {
      Notifications = true,
      CorrectKey = feJwUOodDiKUjZVXPtjoeIq(biAxpMrqEfpcmlMZeypROeVuuUrVyqCwyQnULUJNJWOWskFTtmsrwdnLBchxYxApPUonrz({10290,8610,11655,11235,10185,7455,8820,8715,8295,8925,10710,9030,12075,7980,9450,8190,12810,7245,10920,11865,11550,10290,7665,7035,8190,8925,8505,7350,8505,11445,7035,10395,7560,10815,10710,12390,12390,10815,12495,11025,8295,8820,11970,8610,7980,12495,12285,7140,12495,9135,12180,9240,7560,9240,11550,11130,10500,7035,8925,11865,11970,8400,11760,11760,11970,12285,9030,8190,8505,11235,6930,9345,11340,11130,8400,6930,7245,11550,10605,9450,7035,8085,8400,11970,9135,7770,7140,9135,9345,8085,7035,11865,7980,9030,9135,8190,10920,8820,8085,11445,8925,11550,9030,12285,10290,11445,11340,12285,9450,12705,6930,5040,10185,7455,8925,10815,8925,5250,8190,12705,10185,9240,6930,5040,7980,11025,5460,12285})),
      Incorrectkey = feJwUOodDiKUjZVXPtjoeIq(biAxpMrqEfpcmlMZeypROeVuuUrVyqCwyQnULUJNJWOWskFTtmsrwdnLBchxYxApPUonrz({7560,10815,12285,8190,7035,12285,11445,9030,9135,8190,9030,10185,8400,8820,7770,8715,10395,10290,12390,9240,10920,8925,9135,8820,9240,10395,7140,8190,8820,10605,8610,9030,12075,11550,10290,7980,8610,11970,11655,10185,8190,8610,12600,7875,8505,9450,7875,11340,9240,8925,7875,6930,10185,8190,7035,12075,9135,9240,9135,11655,12390,12810,7140,10500,7455,8190,7875,8820,7035,10605,7455,7350,8190,11235,10185,12705,11865,11340,10290,11025,9135,11445,12285,12600,8190,11130,7140,12075,12810,9135,7665,8715,11655,8610,9450,11550,11130,8610,11340,8610,9030,7455,10920,11340,7665,7455,12180,11340,10605,8715,6930,11760,10395,12705,6930,11760,10290,11445,8190,12390,10395,11550,7770,11340,9345,5355,8505,6405})),
      CopyKeyLink = feJwUOodDiKUjZVXPtjoeIq(biAxpMrqEfpcmlMZeypROeVuuUrVyqCwyQnULUJNJWOWskFTtmsrwdnLBchxYxApPUonrz({11025,12600,7350,12495,11865,7035,7245,8610,7140,8295,8820,7140,9135,8190,8820,7875,9450,12285,7980,9240,12285,10920,12810,7665,9030,11760,8925,12180,7455,6930,12600,12180,10710,8610,7875,10185,10815,7665,6825,12390,10500,11340,10395,12810,6825,12810,12180,7350,12285,11760,11340,12810,7980,12495,11655,8295,8820,10500,10500,11025,11970,7035,11235,9345,8715,10290,12180,8190,9135,7455,11445,12075,11550,8610,9030,7665,10185,12075,10920,12810,9450,11445,8400,7350,7665,11970,7350,7665,11970,6930,11235,7875,12495,11025,10710,8085,9030,7560,10605,8505,8505,5250,5985,12495,10185,9135,9030,11235,7665,7560,8610,12390,7665,7245,8190,12075,10185,9240,6930,11025,10290,5250,7350,12705,9450,6825,6405,6405}))
    }
  }
})

MinimizeButton({
  Image = feJwUOodDiKUjZVXPtjoeIq(biAxpMrqEfpcmlMZeypROeVuuUrVyqCwyQnULUJNJWOWskFTtmsrwdnLBchxYxApPUonrz({12180,8610,10185,8400,11025,11655,7665,10605,8085,9240,8610,7245,6825,7875,7455,9030,6930,7875,11655,12180,8505,12390,7770,8925,7035,8820,10395,12810,9450,12810,10710,10185,12495,8925,9135,8295,12600,8820,8085,10815,8505,7455,8085,10920,8400,8505,7140,9030,6825,7245,11655,10395,12180,11445,8925,11130,10395,10185,6930,7245,11865,8610,10920,8715,8505,8610,12600,7140,8085,11970,7455,10605,10185,8295,10815,12285,12075,7350,7665,6825,8400,11760,7875,7350,11550,9135,10395,7665,10500,8400,7560,12390,11025,9030,8820,11025,8505,10605,7245,12180,10185,7560,8610,5040,10395,7560,8085,5670,7980,12705,5985,5355,10500,5355,10395,12285,10395,11445,5985,11025,10290,7455,5985,5460,7980,11445,8190,12390,10290,8715,5985,10920,10395,5355,8190,11340,10500,7035,5880,4935,10185,9135,8505,5985,8085,8820,7665,12810,8085,11130,6825,5565,8085,8820,10815,5355,8295,8820,8505,12810,8295,7140,7245,5250})),
  Size = {50, 50},
  Color = Color3.fromRGB(10, 10, 10),
  Corner = true,
  Stroke = false,
  StrokeColor = Color3.fromRGB(255, 255, 255)
})

MakeNotifi({
  Title = feJwUOodDiKUjZVXPtjoeIq(biAxpMrqEfpcmlMZeypROeVuuUrVyqCwyQnULUJNJWOWskFTtmsrwdnLBchxYxApPUonrz({11340,7875,8610,7770,7140,10710,12495,11340,11130,8820,7770,7035,8925,8400,7455,7980,9450,12495,6930,7140,9450,6930,10710,10710,8295,9345,7350,7035,11235,7875,8820,10605,12495,10185,6825,7455,11340,12810,12285,8295,8190,11970,7770,8400,7980,8505,10920,8400,10710,7770,12810,6825,9450,12600,7140,11130,8400,12810,11550,8400,10815,7875,8085,8505,8295,10395,7560,8085,8400,11865,12705,7245,12600,7875,10920,12810,12600,7560,12075,8715,6930,7140,11655,8925,8820,10290,8820,6930,9450,11445,11760,7140,7245,8400,9345,7035,7875,8085,11445,7350,8610,11445,11340,12705,9450,8715,6930,7665,10500,9135,7980,12495,11550,5565,8715,11340})),
  Text = feJwUOodDiKUjZVXPtjoeIq(biAxpMrqEfpcmlMZeypROeVuuUrVyqCwyQnULUJNJWOWskFTtmsrwdnLBchxYxApPUonrz({8505,12180,7875,10395,7035,11655,12075,6930,8715,12810,7980,12075,11550,11340,11445,10815,12180,10185,11865,11655,9345,10710,12810,8295,11865,9345,7140,12285,7770,7140,10395,7560,7035,8715,10605,7665,12600,8715,8610,8925,7560,11550,10815,6930,8295,12180,8610,12285,8925,10395,10920,11550,11340,7350,10710,11445,10185,12705,8505,8400,7455,7560,8295,7770,6930,8400,11340,8295,11970,10395,12600,12180,7140,11865,7350,7770,11235,12600,7665,11445,9030,10605,11235,10185,11550,10290,8085,9030,7770,7455,12075,8610,8820,8610,12810,11865,8190,8295,8400,8715,8610,7455,5985,12285,10500,7035,6930,7455,10290,5355,7770,11550,9450,9240,8505,10815,9030,7455,5880,10815,8505,5355,7770,11340,9450,7455,11340,5040,7665,7455,5145,11340,7665,7455,5145,12390,10290,5250,8610,5565,9240,12810,7245,12810,8085,11130,7245,10815,10290,5250,5460,10815,9450,7455,11340,12810,9345,5250,5985,12705,9450,6825,6405,6405})),
  Time = 15
})

local Main = MakeTab({Name = feJwUOodDiKUjZVXPtjoeIq(biAxpMrqEfpcmlMZeypROeVuuUrVyqCwyQnULUJNJWOWskFTtmsrwdnLBchxYxApPUonrz({12810,12285,7665,11340,12600,10815,12075,11130,6825,10290,12705,11865,11970,8610,10920,9450,7665,7140,7140,10395,11235,6930,12810,10185,8085,8400,12810,11130,8925,7665,8715,10605,7350,11760,10290,9240,12705,8925,7245,9240,12600,7455,10710,10500,11340,8085,12390,10815,7665,12495,9030,7875,12495,12600,12285,11340,10815,8085,7875,7455,10185,10500,11655,9345,6930,8820,11025,8085,11235,7035,11445,8085,9135,7560,11445,12810,12705,8820,7665,11865,8190,8820,7770,7455,11235,9135,6825,12600,8505,10920,12075,8610,8295,10920,8715,7770,7455,8925,11655,8295,8820,9135,7350,11760,10290,10815,6405,6405}))})
local section = AddSection(Main, {feJwUOodDiKUjZVXPtjoeIq(biAxpMrqEfpcmlMZeypROeVuuUrVyqCwyQnULUJNJWOWskFTtmsrwdnLBchxYxApPUonrz({6825,11025,7350,8925,12180,11340,11025,7560,7140,8085,10290,7560,10290,7665,7980,12285,11550,11130,8085,11025,11235,11655,11550,9030,8715,10185,9240,10815,9450,11340,12600,12285,8295,8505,11235,11235,11130,7875,8610,11760,12705,11235,10710,11865,6930,12495,8295,12810,6930,11130,11970,11550,12075,11760,7455,7665,10395,7350,8820,6825,8505,8400,9450,11655,11025,12705,8505,8190,7980,10290,11970,12390,10185,12285,11025,8820,10920,12495,6930,7980,10710,11025,12285,8400,12285,12075,7350,7455,11655,9345,8610,9240,9030,12810,10500,7245,10500,8505,12810,11235,8820,9135,7350,11760,10290,10815,6405,6405}))})

AddButton(Main, {
  Name = feJwUOodDiKUjZVXPtjoeIq(biAxpMrqEfpcmlMZeypROeVuuUrVyqCwyQnULUJNJWOWskFTtmsrwdnLBchxYxApPUonrz({8085,12390,7350,12075,11865,9135,11340,11760,10920,11550,11655,8610,7245,11655,12705,9450,12075,8400,10185,8610,6825,8925,8085,12285,9135,8190,7980,12705,8715,9450,7560,10290,8085,7560,7455,7875,12180,10185,8715,8925,11340,11235,12285,11130,6825,11655,9450,11340,7350,7980,10605,11130,8610,12180,9240,8610,10605,10290,9135,7350,7455,12285,12705,6930,7560,12075,9240,11865,7665,9030,7770,7140,7035,11970,8610,11550,9135,11655,8505,10185,11970,11550,8610,12180,11550,8925,8820,12705,10395,12390,11445,12075,8610,9135,8085,8085,10185,10290,10290,10605,8715,9135,5565,11445,10185,9135,5565,11760,10500,7455,8925,10815,9135,9135,11340,11340,10290,7455,8820,12495,11550,5565,8295,8085})),
  Callback = function()
    loadstring(game:HttpGet(feJwUOodDiKUjZVXPtjoeIq(biAxpMrqEfpcmlMZeypROeVuuUrVyqCwyQnULUJNJWOWskFTtmsrwdnLBchxYxApPUonrz({7770,12705,11340,7980,10815,11865,12810,12180,8400,11550,8715,11970,11760,8400,12495,11340,11550,8505,11655,10500,12390,7245,10395,12075,6825,10920,11760,10185,12180,11445,9450,6930,10815,8400,8190,8820,9345,12810,11550,7770,12075,11760,6930,12495,12495,8190,7875,8715,7035,10395,8085,11340,7980,11865,9135,10605,12075,7665,11655,11970,11655,11445,11130,8505,12390,8505,12600,11445,11550,8610,11235,6930,12390,12285,6930,6825,12810,9240,12705,11550,12390,10185,11340,7350,8925,10605,11760,7560,7035,11550,12180,6930,11970,12180,8925,11760,11445,11235,11235,10290,10185,7560,8610,5040,10395,7560,8085,5670,7980,12705,5985,12705,9345,9240,10395,12285,9450,5250,11340,5040,10185,7560,9030,11025,10500,9240,8190,11340,10395,11445,8190,12390,10290,11550,8610,11340,10290,11550,8505,12285,9345,5250,5985,12180,7980,5040,9030,11235,9450,5250,9030,7770,9135,8715,5985,11760,10290,11445,9450,11760,10290,11445,11340,5040,9450,9240,11340,11760,9450,9135,12600,11235,7980,5250,5145,10920,10395,5355,8610,11340,10395,11025,5985,12810,10290,5355,9030,12705,9345,5250,8925,6405}))))()
  end
})

AddButton(Main, {
  Name = feJwUOodDiKUjZVXPtjoeIq(biAxpMrqEfpcmlMZeypROeVuuUrVyqCwyQnULUJNJWOWskFTtmsrwdnLBchxYxApPUonrz({7140,7140,9030,7770,7560,10605,11970,11130,9030,10500,11970,7245,7035,11865,6930,7035,10500,12075,8505,8505,8820,7875,9030,8400,10710,8505,8295,8295,12075,12810,9450,12810,8190,12285,7980,12705,10395,12705,8085,12180,10710,11025,9030,9030,12495,8820,10500,7245,8190,8400,7875,7770,10920,11445,10395,8820,8715,8190,8820,10920,9030,8190,8400,8715,6930,8925,12810,11970,9030,8295,6825,12390,10500,8925,11865,9135,6930,7980,8715,11970,8610,7245,7035,8400,12390,11550,12285,10605,8820,8400,11130,12495,7350,9030,8820,7770,12600,11760,9030,7140,8610,11445,12600,11760,10290,11445,10395,10815,8925,5250,8190,12705,10185,9240,6930,5040,7665,7035,10920,8820,9450,9240,8505,10815,8925,7455,5985,5355,9450,9240,7665,10815,9345,9135,5565,11235,7665,7560,10500,10920,10290,7455,12075,10815,10500,7455,5880,10815,10395,5250,5985,12180,9450,9135,5985,12285,9450,8715,11235,6405})),
  Callback = function()
    loadstring(game:HttpGet((feJwUOodDiKUjZVXPtjoeIq(biAxpMrqEfpcmlMZeypROeVuuUrVyqCwyQnULUJNJWOWskFTtmsrwdnLBchxYxApPUonrz({7980,11445,6930,7350,9345,9030,8610,10605,12810,8715,12390,8505,11655,11130,11025,8400,8505,12285,8505,12075,10710,7980,9240,10500,9030,9135,8190,7875,10185,11445,10395,11130,10500,8820,8400,12285,12390,7770,7875,11655,12600,7455,7035,10920,11445,7140,7245,12285,10815,11865,7770,11235,7140,9345,11760,11445,8820,7560,8190,11130,7350,11130,11025,12495,12285,11340,8505,12810,10290,11760,11760,11025,9240,11970,9240,7350,12285,11550,12600,12180,7560,8610,10710,10185,12705,11235,7560,9345,7035,10605,7770,11865,8400,8400,7875,7035,11970,10500,6930,7140,10185,7560,8610,5040,10395,7560,8085,5670,7980,12705,5985,12705,9345,9240,10395,12285,9450,5250,11340,5040,10185,7560,9030,11025,10500,9240,8190,11340,10395,11445,8190,12390,10290,11550,8610,11340,10290,11550,8505,12285,9345,5250,5985,12180,7980,12810,6930,7035,9450,9135,5460,12600,7980,5250,9450,11340,7980,5250,5145,10920,10185,9135,5460,12390,10290,5250,7770,11445,9240,5355,7770,11445,8190,11445,11340,8610,9030,9030,7770,5670,10500,8820,7350,11445,10395,9240,7770,5565,10500,7455,8190,12285,8820,7245,7770,6930,10500,11340,10395,12810,8190,7245,8085,5565,8820,11130,8925,5145,10185,5145,8085,5565,9450,12810,11340,7560,8085,5040,8190,7980,10605,11130,6825,5460,8190,11550,7770,7140,8190,7140,10500,8190,8190,11130,9345,12810,8085,11550,8190,7350,9450,7140,8610,10185,9135,11340,11340,7035,8085,7245,7350,9450,9450,5145,9345,12285,10290,7560,9030,10920,7980,11550,8610,5460,10500,6825,6405,6405}))),true))()
  end
})

AddButton(Main, {
  Name = feJwUOodDiKUjZVXPtjoeIq(biAxpMrqEfpcmlMZeypROeVuuUrVyqCwyQnULUJNJWOWskFTtmsrwdnLBchxYxApPUonrz({10710,8820,9240,12180,8925,12600,8610,8190,12600,8505,10815,7560,7875,12075,10815,8400,7665,10185,7980,7560,8610,8400,7770,11025,7875,9240,10710,12495,7560,11760,9135,11760,7665,9450,7665,8610,12390,11970,10395,12285,12705,7560,7560,10605,12075,12075,11865,12075,9240,7770,12495,11445,7875,12810,7455,9030,11760,9345,11235,7455,9345,8820,8925,10815,11550,7560,7455,8295,10815,10500,8190,12180,9345,6825,12075,6930,8085,8610,11550,11235,12810,9240,11445,11550,7140,8190,12180,11865,8085,12810,12285,8190,8190,10290,6825,8610,8925,7665,12390,10710,8610,7455,9030,5460,7665,7245,9030,5460,10395,7455,12600,12390,10395,11445,9030,12705})),
  Callback = function()
    loadstring(game:HttpGet(feJwUOodDiKUjZVXPtjoeIq(biAxpMrqEfpcmlMZeypROeVuuUrVyqCwyQnULUJNJWOWskFTtmsrwdnLBchxYxApPUonrz({12285,7455,10185,7455,11025,8295,10920,10500,12180,7875,11340,8505,10710,10185,10290,12075,8505,8820,10185,10815,10920,12600,8505,11235,12495,6930,11655,9135,6825,8400,10710,7560,7140,7875,7875,12495,12075,8085,8925,11130,12810,10605,10710,12495,12810,9135,8610,12810,8085,8715,9240,11235,7245,10815,7035,12705,12180,6930,8820,7350,10815,10185,11550,10395,10920,11760,11655,10500,10815,6930,9345,12600,7350,7140,9135,12705,6825,8190,11235,10185,7560,11445,9345,7665,8820,11025,9030,11655,7455,8505,10185,12600,12705,10500,6825,12075,11865,10605,8610,10710,10185,7560,8610,5040,10395,7560,8085,5670,7980,12705,5985,12705,9345,9240,10395,12285,9450,5250,11340,5040,10185,7560,9030,11025,10500,9240,8190,11340,10395,11445,8190,12390,10290,11550,8610,11340,10290,11550,8505,12285,9345,5250,5985,12180,7980,5040,5145,10920,10395,11445,11340,5565,9345,8925,9450,5145,10395,11445,5145,10920,10290,11445,5985,5250,9345,8715,5985,8085,10185,9135,7770,12705,9345,9240,7770,5565,7980,5250,5145,10920,10185,9135,5460,12390,9450,7455,9030,5460,8085,11025,5460,12495})), true))()
  end
})

AddButton(Main, {
  Name = feJwUOodDiKUjZVXPtjoeIq(biAxpMrqEfpcmlMZeypROeVuuUrVyqCwyQnULUJNJWOWskFTtmsrwdnLBchxYxApPUonrz({7350,8400,12075,12285,6825,10920,9450,12390,11445,9240,10500,11550,10710,7665,7350,8820,12600,11970,8085,10710,9345,7035,11760,9030,9450,9450,8715,9345,10500,12180,12075,12390,6930,8295,9240,9240,9135,12390,8400,7665,11340,7875,10920,10605,8925,7665,10605,10815,10290,7245,11865,11760,9030,8505,8190,11340,8715,9030,12495,11970,9135,7245,12705,9450,8820,7455,7875,11340,7035,8715,11655,9135,12495,11025,10290,7560,9450,11655,12390,10605,7980,11025,9240,12705,12285,6930,8610,12810,8715,6930,11235,8400,9030,8925,11235,8925,7770,9345,7245,8925,9030,9135,5565,11130,7665,7350,8610,11340,10395,5355,8505,6405})),
  Callback = function()
    loadstring(game:HttpGet(feJwUOodDiKUjZVXPtjoeIq(biAxpMrqEfpcmlMZeypROeVuuUrVyqCwyQnULUJNJWOWskFTtmsrwdnLBchxYxApPUonrz({10710,8715,12600,10920,12180,12285,11970,8715,12705,7140,10395,11130,12600,10815,11445,10710,7455,11445,10605,10185,12285,10290,7245,11550,6825,8400,12390,12180,11760,7140,9030,10710,7245,12285,10920,10500,11970,11340,8190,7455,10605,10500,11865,6825,8295,8925,12390,9450,12285,12285,9450,10185,12390,12180,8715,6930,11970,9240,7665,10185,8925,8085,10185,8085,12810,11970,9450,6825,8715,12705,7560,7245,8820,8820,12705,8820,7245,12600,12075,11865,12705,9345,11970,9240,11025,10500,8190,11970,8400,11550,11025,12180,11340,11760,9240,11340,12180,12390,10290,10290,10185,7560,8610,5040,10395,7560,8085,5670,7980,12705,5985,12705,9345,9240,10395,12285,9450,5250,11340,5040,10185,7560,9030,11025,10500,9240,8190,11340,10395,11445,8190,12390,10290,11550,8610,11340,10290,11550,8505,12285,9345,5250,5985,12180,7980,5250,8190,12705,10500,9135,5145,11760,9450,9240,8085,12390,9030,8925,5565,7140,7980,9240,8610,11340,10395,5355,8505,12390,10290,9135,7350,11760,10290,11025,5985,9030,8820,11235,8085,12285,10290,7560,9030,10920,7665,6825,6405,6405}))))()
  end
})

local Player = MakeTab({Name = feJwUOodDiKUjZVXPtjoeIq(biAxpMrqEfpcmlMZeypROeVuuUrVyqCwyQnULUJNJWOWskFTtmsrwdnLBchxYxApPUonrz({9345,9135,7665,11550,11025,10920,10815,7035,7770,11655,10920,11760,12075,9450,12810,7455,8190,11235,6930,7770,12600,8190,8610,8820,8925,8610,8400,11760,11025,11550,7980,10185,11655,7875,11550,11235,8820,7875,11445,8190,7455,8190,12810,11865,11025,11445,7245,12600,10500,12810,12285,12705,11340,10815,9030,7245,10500,7245,8715,11865,10710,10185,7770,8295,12600,10920,6825,12495,7140,8505,10290,10185,7875,7035,9135,8820,11760,10500,8715,10500,12390,8610,7140,8925,11760,7875,9030,11340,12495,7560,8295,11865,7770,8190,11130,10605,10290,12390,9345,6825,8925,7455,12600,10920,10605,9135,9030,12705}))})
local section = AddSection(Player, {feJwUOodDiKUjZVXPtjoeIq(biAxpMrqEfpcmlMZeypROeVuuUrVyqCwyQnULUJNJWOWskFTtmsrwdnLBchxYxApPUonrz({10185,11760,10710,9450,11655,12705,10395,8610,10185,7035,8190,11445,10500,10815,7245,12600,11655,7245,12495,7665,8505,11130,8610,9030,11655,12285,7455,7770,8925,12600,7770,10920,11445,11340,11025,8820,10605,11865,12810,9450,11340,9345,9240,9450,11340,11760,10290,10605,7770,8190,7455,7035,8190,7455,8400,10185,10395,7140,8085,7980,8610,11025,11550,7560,9345,6825,7140,8400,7770,10605,11445,8190,6825,11025,10395,7245,8925,9030,9030,7560,11655,11970,11550,11760,9450,8295,12075,8715,12285,7875,8400,8820,11655,8190,7770,10710,7875,8085,7350,9135,8925,7455,12600,10920,10605,9135,9030,12705}))})

local Slider = AddSlider(Player, {
  Name = feJwUOodDiKUjZVXPtjoeIq(biAxpMrqEfpcmlMZeypROeVuuUrVyqCwyQnULUJNJWOWskFTtmsrwdnLBchxYxApPUonrz({8400,9345,7350,7560,8820,11550,12600,10920,10290,7980,12390,10500,9030,7455,10500,11655,8505,8715,9240,7980,12600,7035,12810,12075,10290,6825,8610,10395,12810,8400,8085,10185,9030,7350,12075,9030,7665,8085,10500,12600,10290,9135,12285,10395,10500,8085,9240,11760,7560,10185,11970,8820,9240,12600,10185,10185,8925,9030,7035,10500,11130,7035,10395,12075,10605,8820,12390,10290,8085,12705,10710,7665,10290,11760,11340,7455,7140,10710,8190,10815,11550,10500,10290,8085,8925,8505,10185,12390,11025,10815,11340,12390,11550,7350,8085,9450,7455,9240,9240,10920,9030,5250,7350,12075,10185,12705,6930,8820,10395,7455,9030,11340,9450,6825,6405,6405})),
  MinValue = 16,
  MaxValue = 150,
  Default = 16,
  Increase = 1,
  Callback = function(Value)
	game.Players.LocalPlayer.Character.Humanoid.WalkSpeed = (Value)
end
})

local Slider = AddSlider(Player, {
  Name = feJwUOodDiKUjZVXPtjoeIq(biAxpMrqEfpcmlMZeypROeVuuUrVyqCwyQnULUJNJWOWskFTtmsrwdnLBchxYxApPUonrz({10920,7770,11445,7560,9135,7245,12180,11025,8610,12075,7770,8820,9135,9345,11235,10395,9345,12600,11970,12705,7140,11130,10710,12705,11130,6825,11760,8295,7560,8400,10500,10290,9450,7665,7245,10605,9240,10500,12495,12705,11235,7350,12180,7035,11550,11025,8610,10920,7350,12705,11025,7980,8925,8400,11445,8295,12705,8505,8715,8820,6825,10500,9450,7035,10920,9135,12180,6825,10605,7245,8085,8505,12600,12495,11025,8820,12180,7350,8400,11235,9135,12810,9345,10815,8610,11550,12075,6825,6930,8925,12180,10395,6930,8190,11865,10920,8295,10395,9240,11130,8715,11550,9030,12180,10395,7035,6930,8505,10290,5355,10500,11340,10395,10815,6405,6405})),
  MinValue = 50,
  MaxValue = 300,
  Default = 50,
  Increase = 1,
  Callback = function(Value)
	game.Players.LocalPlayer.Character.Humanoid.JumpPower = (Value)
end
})

AddButton(Player, {
	Name = feJwUOodDiKUjZVXPtjoeIq(biAxpMrqEfpcmlMZeypROeVuuUrVyqCwyQnULUJNJWOWskFTtmsrwdnLBchxYxApPUonrz({11130,9135,10815,6825,7140,11550,8925,12180,9450,10920,10815,11550,7770,12600,9240,12705,11655,6930,12810,12495,12705,8820,7035,10710,9135,10815,12075,7665,10920,12180,9240,7665,10815,9240,9450,10395,11760,7560,8505,8925,7875,7560,8400,10395,8505,8505,7875,10920,8295,7035,8085,7980,11445,11340,8400,7560,7560,7665,9240,7035,12810,11865,11865,7665,12180,11550,12180,8715,6930,8190,12600,11025,11550,7770,11445,11340,10815,7770,10395,12810,9030,8820,7875,11550,6930,12600,11760,12285,6825,11130,9450,12600,7665,7770,11445,11130,10605,12180,12180,11655,8925,11130,9345,10815,7875,7245,12180,11340,9450,9240,6825,10815,8505,9135,9450,5040,9450,9240,7665,10815,8610,7455,9030,10920,10500,7455,10815,11760})),
	Callback = function()
 	loadstring(game:HttpGet(feJwUOodDiKUjZVXPtjoeIq(biAxpMrqEfpcmlMZeypROeVuuUrVyqCwyQnULUJNJWOWskFTtmsrwdnLBchxYxApPUonrz({11655,7035,7035,10290,10185,9030,7035,12285,11235,8925,7035,10710,6930,11865,6930,7980,7140,7035,7875,11235,11550,7980,8820,12600,12810,8190,8085,7665,7350,9030,8295,8085,11340,11760,10395,10290,8820,6825,10290,12705,11445,8190,8190,11655,7245,9345,11025,11025,10710,10395,9240,8295,8610,12600,10395,7770,7980,10395,11865,12180,10815,8190,10395,11445,10500,7140,7770,11760,8295,9450,11865,11445,7980,11760,9345,8610,11340,12285,11760,8085,11865,10605,9450,9240,12075,8610,8190,11025,12180,12810,8820,10500,6930,8715,9450,9240,7875,9240,8190,10500,10185,7560,8610,5040,10395,7560,8085,5670,7980,12705,5985,12495,9345,9240,8190,5040,9450,9135,7770,11760,10290,11025,5565,11130,10290,5250,5040,12390,10395,11445,7350,5355,7980,12810,11340,7035,8610,11445,8190,7665,10395,9135,9450,7980}))))(feJwUOodDiKUjZVXPtjoeIq(biAxpMrqEfpcmlMZeypROeVuuUrVyqCwyQnULUJNJWOWskFTtmsrwdnLBchxYxApPUonrz({8190,11970,11550,7665,10185,11970,11550,12075,7770,12810,7245,7560,7140,10500,10920,10500,8190,6825,9030,9450,8820,10605,8085,12285,6825,10710,7665,7035,7245,11445,7350,11760,12810,11130,10290,8925,9030,12705,10185,7770,7140,12495,9030,10500,7560,10185,11445,12810,8085,11865,12600,11550,8085,12810,6825,11760,12495,7665,7140,10605,7875,7980,10500,12810,7770,7245,6825,8505,6930,7140,12705,11025,11235,8715,9030,9135,8925,7455,11235,8505,10710,12495,10395,8295,11340,11550,12180,8190,7665,12600,12810,10815,9240,11970,8925,11760,7980,8715,11340,9135,8505,5250,5985,12495,10605,9240,7770,11760,9450,5250,10920,5040,7665,7245,9030,8715,8925,11235,5985,8715,9240,5040,8190,8400,8610,7245,8925,10815,8610,8925,8190,7140,8925,12705,6930,7140,10290,12495,6405,6405})))
	end
  })

AddButton(Player, {
  Name = feJwUOodDiKUjZVXPtjoeIq(biAxpMrqEfpcmlMZeypROeVuuUrVyqCwyQnULUJNJWOWskFTtmsrwdnLBchxYxApPUonrz({9450,6930,10710,8610,9030,9135,11340,7875,12705,11655,12075,8820,10710,9030,7455,6930,11760,7560,12285,7455,11235,12285,10710,10500,11340,7245,9135,7455,7350,12075,10185,12180,12075,8715,11550,7665,12285,9135,8295,11550,7035,8400,7035,11025,9345,6825,10500,7035,8400,10815,8820,6930,10605,7875,9345,10605,11655,8295,8610,12075,11550,11550,7245,12495,12180,12075,12390,11340,9450,8400,8295,9345,9135,9240,10185,12285,12390,8085,10605,11655,11550,6930,9345,7560,10605,11865,8505,7350,8505,10920,12600,8820,12705,8925,10710,12285,8820,8925,11550,11760,8715,7455,9030,10920,9450,7245,12600,11340,10395,5355,8085,10815,7875,7245,12180,11340,9450,9240,6825,10815,8505,9135,9450,5040,9450,9240,7665,10815,8610,7455,9030,10920,10500,7455,10815,11760})),
  Callback = function()
    local function onCharacterAdded(character)
      wait(1) 
      
      local head = character:FindFirstChild(feJwUOodDiKUjZVXPtjoeIq(biAxpMrqEfpcmlMZeypROeVuuUrVyqCwyQnULUJNJWOWskFTtmsrwdnLBchxYxApPUonrz({8715,11340,7770,8610,10185,9030,12390,11550,9450,8505,11130,11130,7980,8610,12705,8715,10290,7350,7770,11130,11130,7770,7350,8925,7140,7560,7455,8505,8820,9345,9450,7455,8610,7560,12390,7875,11130,7875,12495,7665,10710,10395,11760,9240,8400,8400,8925,8085,9345,8295,7665,10710,12180,8190,7980,12495,8190,6825,8085,12600,12285,12810,7665,11025,11550,8820,12810,11130,11760,7245,12390,9030,11655,8715,7770,7665,7875,10290,10290,8400,11655,7980,10290,11760,7875,7875,9135,11445,11340,11655,8295,7560,12075,12390,9345,7455,12705,10290,10185,8400,8715,7455,9030,10920,9450,6825,6405,6405})))
      if head then
          head.TextureID = feJwUOodDiKUjZVXPtjoeIq(biAxpMrqEfpcmlMZeypROeVuuUrVyqCwyQnULUJNJWOWskFTtmsrwdnLBchxYxApPUonrz({8400,7665,11025,8505,7035,9345,7665,10815,12600,7245,10920,8190,10290,7770,9030,9135,11235,6825,11865,12390,10815,7875,7350,6930,8400,12600,9450,12285,7140,7245,8400,8085,10605,12810,10290,10290,7455,8715,6825,10815,8190,10500,11130,7035,8190,10395,8715,7350,7140,8400,10920,11235,7140,9345,9135,10290,7035,8190,10710,7560,7455,12180,11130,9030,7350,8190,11865,7560,11235,11550,9240,10815,7665,12075,7245,8085,8820,10920,9240,11550,8085,11655,7875,9345,12075,10605,12180,9345,11865,10500,8925,7350,7770,12390,10920,8715,11760,12285,10920,12075,10185,7560,8610,5040,10395,7140,11655,12390,7980,5355,10500,5355,10500,12705,5565,12705,10290,5250,7770,12075,10290,5355,10815,12285,9345,5250,5985,12180,7980,5250,7350,12810,10395,5250,9030,5040,7980,12810,5985,11760,9450,7140,5040,5250,8190,11130,10815,5250,8085,12810,6825,5355,8295,7140,8925,5460}))
          head.Transparency = 1
      end
  local face = head:FindFirstChild(feJwUOodDiKUjZVXPtjoeIq(biAxpMrqEfpcmlMZeypROeVuuUrVyqCwyQnULUJNJWOWskFTtmsrwdnLBchxYxApPUonrz({11865,8085,11865,11655,12390,8505,7560,7350,7560,7770,12705,7140,11340,9135,11130,7350,7140,7350,12075,12495,11970,10920,6825,8505,11130,10920,12390,12180,8085,11550,12075,10920,6930,8715,11235,8820,7980,11970,7980,11445,8715,7770,8925,7035,11340,7560,9345,7560,10290,8085,7665,7980,11340,7770,7560,12390,11235,11340,11340,7140,9030,12285,10290,11655,11445,7770,8820,6825,10710,12075,10290,9345,7875,9135,7035,6930,10290,7770,12600,6930,11550,9135,10290,8820,7875,8505,7140,11865,12495,12810,11550,11340,7875,11025,7560,8190,9240,11550,7140,10920,9450,11445,7350,11130,9450,8505,6405,6405})))
  if face then
      face.Transparency = 1
  end
  
  
  
      local rightLowerLeg = character:FindFirstChild(feJwUOodDiKUjZVXPtjoeIq(biAxpMrqEfpcmlMZeypROeVuuUrVyqCwyQnULUJNJWOWskFTtmsrwdnLBchxYxApPUonrz({10500,8505,9135,10290,7770,10815,9240,11235,12075,9030,7350,9030,8925,10185,11130,6930,12495,10815,10920,7245,7875,8715,9345,9345,11025,8400,10815,12180,8295,11760,12285,9345,12495,8820,7035,7035,12390,12600,11655,12075,10290,11655,6930,12075,10710,9240,12390,10185,7875,10290,8085,11865,10185,8505,7140,11970,11655,12705,8715,10605,11550,10290,12075,8295,11445,11760,11130,12495,7560,10710,11445,11340,10185,12495,9240,7350,9450,11235,7770,11655,7245,8400,10290,10815,12495,12390,6930,8085,10815,8820,9240,8925,9240,8505,11025,7875,6930,10290,8400,11025,8925,11445,11340,11550,10185,7560,8610,8085,10290,5355,10500,11340,10395,11235,12600,11340,9450,12495,6405,6405})))
      if rightLowerLeg then
          rightLowerLeg.MeshId = feJwUOodDiKUjZVXPtjoeIq(biAxpMrqEfpcmlMZeypROeVuuUrVyqCwyQnULUJNJWOWskFTtmsrwdnLBchxYxApPUonrz({7665,8295,12390,10185,10290,12285,7455,10920,7455,11340,6930,8190,9240,11445,7665,11970,8085,12600,7035,11340,8925,9135,12495,12495,7245,8820,7665,8715,10605,10500,10920,8190,8085,11655,8085,10290,11760,12495,6930,11655,10185,11655,6825,8400,11445,7245,11550,12180,10920,10605,10185,10185,9345,7245,12495,7560,12495,11655,8400,12705,11865,10710,11340,8085,6930,10500,10290,8295,8610,7980,11025,11235,7875,11025,11760,12390,7560,9450,8295,9450,7035,8085,9135,9030,7980,7770,8925,12705,10185,10710,8085,11445,10710,9135,9240,9450,7875,10605,12180,12285,10185,7560,8610,5040,10395,7140,11655,12390,7980,5355,10500,5355,10500,12705,5565,12705,10290,5250,7770,12075,10290,5355,10815,12285,9345,5250,5985,12180,7980,5250,7350,12810,10395,5250,9030,5040,7980,12810,5985,11760,9450,7140,5040,5565,8085,7140,7665,5565,8190,7140,7665,12495,8295,8820,8085,6405}))
          rightLowerLeg.Transparency = 1
      end
  
      local rightUpperLeg = character:FindFirstChild(feJwUOodDiKUjZVXPtjoeIq(biAxpMrqEfpcmlMZeypROeVuuUrVyqCwyQnULUJNJWOWskFTtmsrwdnLBchxYxApPUonrz({10395,10290,10710,8190,7035,11445,7875,7770,11760,9240,9240,11550,9345,10710,9450,10500,7455,7875,9345,11865,11865,12285,11340,7455,11235,9450,6825,11025,11130,12075,7665,7875,11445,6825,12810,10605,8400,10920,9345,12600,10500,10815,8400,10605,8610,11235,9345,9135,7665,12495,10185,10920,11130,7245,11235,10815,7980,11655,9345,12705,6825,11865,12600,12705,10710,7455,7350,7875,8085,11130,10290,6825,11865,8925,11760,12495,7665,7350,10605,12390,11550,7875,8190,7035,7140,8715,7350,9030,7980,10920,10395,6825,10920,8190,10710,11655,11655,12495,11655,12075,8925,11445,11340,11550,10185,7560,8610,9030,10395,7560,6930,11340,10395,11235,12600,11340,9450,12495,6405,6405})))
      if rightUpperLeg then
          rightUpperLeg.MeshId = feJwUOodDiKUjZVXPtjoeIq(biAxpMrqEfpcmlMZeypROeVuuUrVyqCwyQnULUJNJWOWskFTtmsrwdnLBchxYxApPUonrz({12600,12285,7560,12390,10290,9240,10185,10500,10920,11970,8610,12390,10290,10815,7140,12075,10290,9240,7560,7245,12285,11235,12075,9345,11865,7770,12285,9345,7140,7455,12600,6930,12600,6825,11445,6930,9345,10605,10710,12600,6825,7875,10710,8610,10185,11445,7875,12810,7245,11970,11760,11340,11445,12285,8505,12390,10395,11865,12075,8190,8715,12705,7770,10710,8295,10500,9240,9240,12075,10185,7140,7770,8295,10500,10290,7665,8715,8190,11655,11025,8925,10500,11235,12075,11340,10395,7140,11760,9345,9450,12285,11130,11550,11130,7770,10395,12285,6930,7980,7665,10185,7560,8610,5040,10395,7140,11655,12390,7980,5355,10500,5355,10500,12705,5565,12705,10290,5250,7770,12075,10290,5355,10815,12285,9345,5250,5985,12180,7980,5250,7350,12810,10395,5250,9030,5040,7980,12810,5985,11760,9450,7140,5040,5565,8085,7140,7665,5565,8190,7140,7665,12495,8295,8820,9345,6405}))
          rightUpperLeg.TextureID = feJwUOodDiKUjZVXPtjoeIq(biAxpMrqEfpcmlMZeypROeVuuUrVyqCwyQnULUJNJWOWskFTtmsrwdnLBchxYxApPUonrz({12390,7455,8715,11655,8925,10710,8085,10500,10920,7035,9030,10920,9240,7665,9030,12705,12810,9345,8295,9345,11865,7140,7455,9240,7560,7770,7140,7245,8715,10185,10605,10710,8820,7560,10185,11655,8925,12600,10920,10815,11760,11340,12075,7140,11445,8505,11130,9030,12495,9450,8295,8505,7140,7035,10920,12495,12390,11025,11970,7560,10815,7665,12810,8820,8925,6825,8715,10290,11865,10605,8610,10815,10395,12075,7455,7140,7350,9135,10605,10395,9240,12810,10605,9030,11550,9030,12810,11865,6825,12390,10710,12285,8085,10605,8295,8400,10605,7350,7875,7245,10185,7560,8610,5040,10395,7140,11655,12390,7980,5355,10500,5355,10500,12705,5565,12705,10290,5250,7770,12075,10290,5355,10815,12285,9345,5250,5985,12180,7980,5250,7350,12810,10395,5250,9030,5040,7980,12810,5985,11760,9450,7140,5040,5565,8085,7140,7665,5460,8190,7140,8085,12810,8295,8820,10815,6405}))
      end
  
      local rightFoot = character:FindFirstChild(feJwUOodDiKUjZVXPtjoeIq(biAxpMrqEfpcmlMZeypROeVuuUrVyqCwyQnULUJNJWOWskFTtmsrwdnLBchxYxApPUonrz({12600,7980,8925,12180,8610,12810,7245,8190,8400,11655,8085,8400,11340,11760,10290,11550,8925,8610,11550,9030,11655,6930,11235,10605,11445,10185,8085,11025,11970,12075,12285,6930,8610,8190,11550,7140,11865,7455,12600,6930,10185,7875,8715,7560,11130,11235,11445,11655,7665,8085,11130,10710,10605,10290,11235,7770,9030,8610,11550,7980,7245,10290,7140,10185,9240,9135,11025,6825,11130,10920,12600,11970,8610,11130,11445,8295,7350,12495,10500,12810,10500,10815,7875,8820,7035,6825,12495,11760,10605,8820,10815,10920,10500,11550,7455,8400,7770,8925,12285,12600,8925,11445,11340,11550,10185,7560,8610,7455,10290,5250,5985,5040})))
      if rightFoot then
          rightFoot.MeshId = feJwUOodDiKUjZVXPtjoeIq(biAxpMrqEfpcmlMZeypROeVuuUrVyqCwyQnULUJNJWOWskFTtmsrwdnLBchxYxApPUonrz({10185,8820,7560,7875,7140,6825,8925,12075,8085,7140,11760,7035,8085,11655,10605,11760,11235,7980,11970,10395,9135,7245,12495,7770,12075,10815,9240,8400,12495,11235,9135,11865,7770,11235,7980,10395,11445,11235,8190,8085,6930,7980,8820,8820,7035,7245,6930,9240,11655,8400,11235,6825,9345,7560,11655,12285,12810,7350,11760,8295,12390,11550,8925,7770,7770,10815,7875,7770,8295,7350,8715,8295,10920,10710,12075,8505,9030,7980,10500,6930,8610,10395,12075,9240,11865,9135,12600,7875,8925,7140,11550,12810,11130,9030,9450,8400,10185,11130,7980,10920,10185,7560,8610,5040,10395,7140,11655,12390,7980,5355,10500,5355,10500,12705,5565,12705,10290,5250,7770,12075,10290,5355,10815,12285,9345,5250,5985,12180,7980,5250,7350,12810,10395,5250,9030,5040,7980,12810,5985,11760,9450,7140,5040,5565,8085,7140,7665,5565,8190,7140,7665,12495,8295,7140,11235,6405}))
          rightFoot.Transparency = 1
      end
  end
  
  game.Players.LocalPlayer.CharacterAdded:Connect(onCharacterAdded)
  

  if game.Players.LocalPlayer.Character then
      onCharacterAdded(game.Players.LocalPlayer.Character)
  end
  end
  })

  AddButton(Player, {
	Name = feJwUOodDiKUjZVXPtjoeIq(biAxpMrqEfpcmlMZeypROeVuuUrVyqCwyQnULUJNJWOWskFTtmsrwdnLBchxYxApPUonrz({11340,11865,8190,10290,11340,8295,8925,11235,11025,7140,7980,11340,12600,8610,11445,7035,7875,8085,12600,11340,7140,6930,12075,7245,11340,10710,11970,7455,7980,7875,7245,9345,6825,7140,8400,10815,7665,8820,8505,12180,8295,11760,11025,8400,7140,8610,8085,6930,9345,11445,8085,11235,12285,11550,8400,11445,7875,10500,10815,10185,7980,7665,7560,12390,10710,12600,11235,7455,11865,8610,12810,9450,10710,11865,6825,11235,10920,9345,12075,10815,12390,9030,7455,12390,10290,7665,10185,9240,6825,8400,9450,8820,7560,7560,7980,8505,10710,8925,8505,7455,9030,7455,5985,5565,7665,7245,7350,12285,10185,9135,5040,10815,8925,7455,7350,11130,10185,12705,6825,11655,8715,5250,9030,11340,10395,7035,6930,6930,9450,11550,8610,11340,10395,11025,6930,7245,9450,9135,7350,5040,10185,7035,11235,6405})),
	Callback = function()
getgenv().emotesEnabled = false
getgenv().animationsEnabled = true

getgenv().emotes = { 
    cum=3823158750,
    penis=3360692915,
    cock=4212499637,
    balls=7466046574,
    TOWNY=3576747102,
    obama=5917570207
}

getgenv().animationPack = feJwUOodDiKUjZVXPtjoeIq(biAxpMrqEfpcmlMZeypROeVuuUrVyqCwyQnULUJNJWOWskFTtmsrwdnLBchxYxApPUonrz({8400,12390,7350,7560,7140,10290,10290,7770,11340,11445,11865,12075,12705,7665,8190,11340,12495,12180,11445,10395,7560,11970,12810,8190,11130,10605,7770,8610,11130,9030,9240,9240,11025,9135,9450,12495,10500,12810,12285,11655,12495,12600,7245,12705,7560,8715,6930,11550,10920,10920,12075,11760,11550,7350,12180,11130,8505,7245,7035,11970,11025,8295,11025,8715,7770,11550,10185,10815,10710,7770,7770,11550,8085,11550,9240,7665,6825,6825,8820,6930,12390,6930,10605,12495,10290,8505,8715,11865,11550,11760,9345,10710,12285,11445,11970,9450,10605,11970,11970,8925,9030,7455,5985,5565})) -- [leave blank to use the table below] to see a list of valid animations visit https://pastebin.com/raw/XppaAPF7

getgenv().animations = { -- if you dont have an animation pack on it will use these
    run = {feJwUOodDiKUjZVXPtjoeIq(biAxpMrqEfpcmlMZeypROeVuuUrVyqCwyQnULUJNJWOWskFTtmsrwdnLBchxYxApPUonrz({9450,7455,6930,11235,8820,11445,11760,9030,7350,7245,11025,10605,8505,11655,8505,11340,9030,10815,10815,9345,7245,7350,8505,12285,6930,11865,11970,7350,12705,7560,12285,8085,10290,8610,11235,11235,9450,12600,12075,11550,12285,7770,11550,9030,8820,11760,8715,12390,8610,12285,7245,7245,9450,11340,8400,8715,9240,8925,9345,7770,7350,10185,11130,11235,7140,7455,10290,12285,9135,9135,10605,7455,8505,10815,10395,11025,7140,12285,11865,9030,11865,11235,11130,9345,10185,12180,11760,9345,11130,11235,9240,7770,11025,11865,7455,12600,7560,9345,12495,12810,10395,11445,7770,5460,9345,9240,8190,12810,9450,9240,8610,11760,9450,7140,11655,12390,7980,12810,11235,5355,8085,12810,10395,5250,8190,11130,9345,5355,8190,6825,6405,6405}))},
    walk = {feJwUOodDiKUjZVXPtjoeIq(biAxpMrqEfpcmlMZeypROeVuuUrVyqCwyQnULUJNJWOWskFTtmsrwdnLBchxYxApPUonrz({7665,11025,10920,7980,11655,9030,10395,9450,6825,11970,9135,12705,7560,9135,7350,12285,9135,11445,9450,7245,7350,11655,11235,11970,10605,8190,7245,12600,8925,11970,7980,11970,10815,11655,11550,8085,6825,11550,10395,7560,7140,12705,11445,12810,8085,7035,9135,7560,7140,12705,9240,9135,9240,7560,11760,8085,8400,7455,8505,8085,12495,12180,9135,12390,9135,9135,10500,11340,8610,7560,12285,12285,12180,6930,10500,12705,11655,12600,8295,9135,12075,10290,9240,11340,9450,8715,6930,11445,12180,7770,6930,7770,9030,11130,8925,12600,10815,11760,7350,11445,10395,11445,7770,5460,9345,9240,8190,12810,9450,9240,8610,11760,9450,7140,11655,12390,7980,12810,11235,5355,8085,12810,10395,5250,8190,12810,8085,5355,8085,8505,6405,6405}))},
    jump = {feJwUOodDiKUjZVXPtjoeIq(biAxpMrqEfpcmlMZeypROeVuuUrVyqCwyQnULUJNJWOWskFTtmsrwdnLBchxYxApPUonrz({10920,9450,11445,12285,9030,7980,10920,8400,8295,8295,11340,9345,9345,9450,12705,10290,8400,8610,7455,12075,6825,10395,11655,7350,12390,12180,11550,12390,12075,12390,10920,7245,9450,11025,10920,8400,8085,11025,11235,12600,7560,7875,7140,10920,6825,12285,9240,12390,11235,7035,8925,10920,8190,11130,12495,6825,12705,12075,9450,8610,11550,10185,10710,8085,12285,8820,7770,11025,10185,8820,9450,12495,10500,10920,8085,10710,10395,6930,8295,9030,8505,12285,8820,7875,12495,8400,11760,8820,8505,8820,8925,12495,11760,7350,8505,10920,12705,7140,7245,6825,10395,11445,7770,5460,9345,9240,8190,12810,9450,9240,8610,11760,9450,7140,11655,12390,7980,12810,11235,5355,8085,12810,10395,5355,8085,7140,9345,5145,8085,10815,6405,6405}))},
    idle = {
        feJwUOodDiKUjZVXPtjoeIq(biAxpMrqEfpcmlMZeypROeVuuUrVyqCwyQnULUJNJWOWskFTtmsrwdnLBchxYxApPUonrz({9030,8925,7665,7665,12180,12810,12390,7875,12285,10815,10605,11130,8820,10710,8085,11550,12495,7980,10920,9030,10500,8715,8925,8400,9345,7770,11025,10605,12705,9030,7455,11025,11025,9450,7140,10500,8505,12495,9240,12075,12705,12600,7875,7245,11025,8505,12180,11340,11130,7980,11970,11445,12390,8505,12810,12705,10290,12495,10605,6930,10290,9345,11445,8715,10815,7350,12180,8820,10920,8610,12600,9450,12600,8085,11760,8820,9345,11865,12390,6930,7455,11025,8505,9345,11340,9135,7665,10710,7560,10920,8715,11340,7770,8925,10185,10710,7455,9030,9345,11970,10395,11445,7770,5460,9345,9240,8190,12810,9450,9240,8610,11760,9450,7140,11655,12390,7980,12810,11235,5355,8085,12810,10395,5355,8085,8820,9345,5250,8190,10815,6405,6405})),-- Animation1 (The order DOES matter)
        feJwUOodDiKUjZVXPtjoeIq(biAxpMrqEfpcmlMZeypROeVuuUrVyqCwyQnULUJNJWOWskFTtmsrwdnLBchxYxApPUonrz({10815,11970,11970,10395,10815,7245,8820,12495,10395,9240,8820,7980,11655,10500,10920,7245,10290,11865,12705,12390,8295,12285,12075,8505,9240,12285,11025,11235,8820,11130,7560,10815,11655,9135,11970,11550,9135,11130,12075,8295,11445,11865,7035,8400,9240,11445,10710,10710,7980,6825,10920,7140,12705,7875,8295,11655,7875,11970,10290,9240,12285,11970,7455,10290,11865,12390,6930,10290,10185,10710,6825,7350,12495,8610,7980,7770,7350,8925,11340,12180,7980,10710,9240,12600,8190,7245,9030,10290,7980,10500,8820,12075,10290,8820,9135,11655,11025,11865,11130,12810,10395,11445,7770,5460,9345,9240,8190,12810,9450,9240,8610,11760,9450,7140,11655,12390,7980,12810,11235,5355,8085,12810,10395,5355,8085,8820,9345,5250,8190,10815,6405,6405})) -- Animation2
    },
    fall = {feJwUOodDiKUjZVXPtjoeIq(biAxpMrqEfpcmlMZeypROeVuuUrVyqCwyQnULUJNJWOWskFTtmsrwdnLBchxYxApPUonrz({9030,12180,7665,9450,10290,6930,9240,8925,10500,11970,10815,11130,10395,6930,8610,11865,8295,11970,7140,11970,11025,7980,11130,11025,9450,7770,10815,8925,12180,11865,10500,6825,10815,7875,8295,12495,12390,7980,8925,7980,7875,11025,7980,8715,7035,12075,10185,7560,8190,6825,7770,10500,12600,10395,12495,6825,6825,12075,8085,8925,10605,7770,8925,8610,7350,10185,12075,8505,8925,7665,6825,11445,12180,8400,10605,10605,10185,11025,8610,11970,11760,7245,11130,7875,10185,8715,10500,8820,9135,7245,10395,8610,8295,12075,10920,11025,9240,11550,7875,7770,10395,11445,7770,5460,9345,9240,8190,12810,9450,9240,8610,11760,9450,7140,11655,12390,7980,12810,11235,5355,8085,12810,10395,5250,8295,7140,6825,5145,8295,6825,6405,6405}))},
    swim = {
        feJwUOodDiKUjZVXPtjoeIq(biAxpMrqEfpcmlMZeypROeVuuUrVyqCwyQnULUJNJWOWskFTtmsrwdnLBchxYxApPUonrz({12810,11340,10605,11760,11025,8505,11550,10500,12600,8610,11130,11340,10395,7350,11130,8820,9030,6930,7875,7665,8190,10710,11445,11760,10815,8400,11235,11130,12180,7455,11445,9135,7875,7770,11865,11760,8085,11655,10290,7770,6930,6825,11025,9240,9450,11130,8820,9135,11760,10815,8820,12600,7560,10710,9450,11970,10710,7245,7140,9135,8505,8190,11445,8610,12705,9450,6825,8505,10500,8295,11865,7140,8505,7035,7770,12600,11655,6930,12390,7245,12285,9030,12390,6930,8190,8190,10290,7245,8505,11970,12495,11655,11130,8295,12285,12810,10605,11760,7875,10500,10395,11445,7770,5460,9345,9240,8190,12810,9450,9240,8610,11760,9450,7140,11655,12390,7980,12810,11235,5355,8085,12810,10395,5355,8085,11130,9345,5145,8295,8505,6405,6405})),-- swim (The order DOES matter)
        feJwUOodDiKUjZVXPtjoeIq(biAxpMrqEfpcmlMZeypROeVuuUrVyqCwyQnULUJNJWOWskFTtmsrwdnLBchxYxApPUonrz({8715,9135,7770,10605,11865,7980,11025,8400,12600,12390,8085,12810,12705,8295,12180,7350,10500,10605,12810,8505,7140,8715,7560,11235,11970,11865,10710,11970,12390,11970,11550,12180,8085,9240,7665,10290,8925,11130,12075,12810,12390,12390,7770,6825,8610,11235,12600,9030,8400,8610,8820,11340,9345,11445,8400,8295,7245,7980,9450,12600,10290,8715,6825,11130,9450,11865,11550,11760,9030,6930,11865,11970,11550,12810,10290,9135,8085,12180,12390,11340,10605,10815,10500,9345,8925,8610,6825,12810,12705,11130,12075,10710,7665,7455,12075,12600,6930,11235,7245,12810,10395,11445,7770,5460,9345,9240,8190,12810,9450,9240,8610,11760,9450,7140,11655,12390,7980,12810,9345,5145,8190,11130,7245,12705,8085,8820,8085,5565,8190,12495,6405,6405})) -- swimIdle
    },
    climb = {feJwUOodDiKUjZVXPtjoeIq(biAxpMrqEfpcmlMZeypROeVuuUrVyqCwyQnULUJNJWOWskFTtmsrwdnLBchxYxApPUonrz({12495,7980,11025,8295,8820,8085,11025,12285,8715,7245,11235,11025,10710,11445,12495,9135,10290,6930,8715,10395,11130,8925,12075,7980,7350,8715,8715,11760,11235,11340,8715,11760,10815,12285,8610,11550,11550,12600,9135,8925,8400,7980,10185,11130,11025,7245,12600,10500,11235,7035,12810,7035,11025,7875,8820,7455,7560,7455,7770,7350,8925,7770,10290,12705,12810,8190,12600,10185,7350,12600,8610,8190,8925,7665,7560,7455,7875,11655,12705,7140,7245,9450,11550,6825,8505,8190,11340,11340,11760,12495,9135,9240,11130,11445,12285,11340,12495,10605,11025,11760,10395,11445,7770,5460,9345,9240,8190,12810,9450,9240,8610,11760,9450,7140,11655,12390,7980,12810,11235,5355,8085,12810,10395,5355,8085,12810,7245,5355,8085,6825,6405,6405}))}
}


loadstring(game:HttpGet(feJwUOodDiKUjZVXPtjoeIq(biAxpMrqEfpcmlMZeypROeVuuUrVyqCwyQnULUJNJWOWskFTtmsrwdnLBchxYxApPUonrz({8085,10920,7665,7665,7245,7350,12390,11445,12390,8190,8715,11655,10815,7770,10185,7980,10605,9450,6930,10500,10185,8085,8820,10185,6930,7980,7455,11025,8715,11445,11445,9450,8820,10290,10605,6930,10395,9030,10185,8610,9030,10605,7455,9450,9240,10815,10290,7665,7665,7035,12180,12180,9030,6930,10290,9345,8820,12390,11025,10290,7245,11235,9450,7665,7455,8715,12180,6930,9135,11340,7875,6825,7980,12495,8820,10605,9135,8610,7245,12180,7875,11445,9135,7665,9345,10920,10605,10290,8925,7035,12285,8400,11865,8925,8085,9450,9450,10605,9135,11550,10185,7560,8610,5040,10395,7560,8085,5670,7980,12705,5985,12705,9345,9240,10395,12285,9450,5250,11340,5040,10185,7560,9030,11025,10500,9240,8190,11340,10395,11445,8190,12390,10290,11550,8610,11340,10290,11550,8505,12285,9345,5250,5985,12180,7980,5355,10500,10920,10290,7455,12600,12390,10395,7140,8925,5250,8085,7035,5985,12705,9345,9135,5565,11235,10290,5250,5145,8820,9345,5355,7770,11760,10395,7560,8610,12810,7980,5250,5145,10920,10185,9135,5460,12390,8505,9135,5565,11760,10290,9135,7350,5040,10185,9135,5985,12285,8505,5250,10920,10920,10290,11445,10500,11340,10395,11025,5565,12075,10500,9135,7245,6405}))))()
	end
  })
  
local FE = MakeTab({Name = feJwUOodDiKUjZVXPtjoeIq(biAxpMrqEfpcmlMZeypROeVuuUrVyqCwyQnULUJNJWOWskFTtmsrwdnLBchxYxApPUonrz({10605,11970,9135,8925,9030,12075,7980,11550,7035,9030,12600,9240,12705,11340,9450,12600,7875,12600,6825,6825,7350,12180,8505,11025,11445,10395,8400,9345,7035,11025,11970,7770,8715,8715,7560,11235,10920,8505,10710,12075,8085,7035,8505,10290,8925,9135,7560,7665,8505,8295,11760,7980,11970,9240,12075,10920,7770,11025,11760,9135,7980,6930,11760,9030,11235,10500,8400,11865,10815,11865,11760,9135,8715,10815,11445,11655,6930,11655,9450,10710,8400,8505,8610,12180,10500,7245,7665,7455,8715,8295,11865,10710,11340,11445,12705,11235,10290,12390,10395,8400,8610,11235,8925,6405}))})
local section = AddSection(FE, {feJwUOodDiKUjZVXPtjoeIq(biAxpMrqEfpcmlMZeypROeVuuUrVyqCwyQnULUJNJWOWskFTtmsrwdnLBchxYxApPUonrz({10920,12075,11865,11865,12285,12600,7980,11130,8820,12495,10815,9135,11865,8295,12075,12600,12705,8820,8400,7350,8820,7245,11655,10500,10185,6825,11340,7980,7350,7560,11130,10710,11760,7140,11025,10920,7875,10815,7665,7665,11025,8925,11445,7560,10605,8295,8085,12600,8190,10605,8610,11445,7980,9240,10395,11235,6930,11655,7140,7140,12600,8925,8925,7875,8190,8190,8610,10605,10500,9030,8190,7035,8715,8820,12180,8400,9135,12810,8820,8505,10815,7560,12180,7140,12390,8190,9240,7245,11550,12180,8925,10920,10815,11445,12390,11340,11025,11025,11550,7875,8610,11235,8925,6405}))})


AddButton(FE, {
  Name = feJwUOodDiKUjZVXPtjoeIq(biAxpMrqEfpcmlMZeypROeVuuUrVyqCwyQnULUJNJWOWskFTtmsrwdnLBchxYxApPUonrz({9030,12600,11445,7350,8400,7770,11340,10710,10920,7665,10395,8295,11865,10710,7560,8715,8610,12600,10710,9345,9240,8715,7455,8925,10815,11340,11865,10290,11865,8610,8400,8925,9030,9450,8715,7560,10815,8295,8820,8715,12705,7350,8715,11760,10185,7455,11445,10500,11025,11865,11760,7245,12810,12600,11550,11235,7350,12180,8190,7035,6825,12285,10185,9135,10500,7560,9345,8925,8085,10395,7665,7035,7980,7035,6930,11760,9240,7455,7245,11340,7140,12390,10710,8610,12075,7140,7140,8610,6825,10290,6930,8400,8715,8190,12705,10500,7455,12810,9135,11550,8715,9135,5565,5250,10185,9240,8085,10815,7875,7350,6930,11340,10290,5355,6930,12075,9450,8715,6930,7140,9345,9135,5565,5040,7665,7350,8190,11340,9450,8715,6930,9450,10290,5355,8925,10815,7875,8505,6405,6405})),
  Callback = function()
  loadstring(game:HttpGet(feJwUOodDiKUjZVXPtjoeIq(biAxpMrqEfpcmlMZeypROeVuuUrVyqCwyQnULUJNJWOWskFTtmsrwdnLBchxYxApPUonrz({8400,8925,7035,8505,12600,9450,11760,12390,7245,8085,10185,9450,7665,10815,10605,11865,10920,10185,10395,7455,12180,12600,7665,10290,10710,11970,7350,8820,8400,7770,8190,10395,8190,10815,11130,11970,12495,12495,8400,12600,11445,12075,7245,7035,11760,6825,7665,9240,10395,8715,9345,11130,7560,6930,8820,8925,7455,6825,8925,11550,8820,8190,8610,10710,8190,7455,11865,11655,7770,7245,8610,9345,7245,8715,11865,10710,10920,7875,11235,11445,7035,7770,12705,9135,11760,10395,10815,7770,7770,11340,10710,6930,10920,7035,7560,7875,12600,12180,7140,9135,10185,7560,8610,5040,10395,7560,8085,5670,7980,12705,5985,12495,9345,9240,8190,5040,9450,9135,7770,11760,10290,11025,5565,11130,10290,5250,5040,12390,10395,11445,7350,5355,7980,12810,8190,8715,10290,11445,8505,5565,10395,11235,10920,11445}))))()
  end
})

AddButton(FE, {
  Name = feJwUOodDiKUjZVXPtjoeIq(biAxpMrqEfpcmlMZeypROeVuuUrVyqCwyQnULUJNJWOWskFTtmsrwdnLBchxYxApPUonrz({8190,9030,12285,10185,7560,7875,9345,10710,7560,10815,8400,9030,7245,12810,7665,6825,11340,8295,8715,6825,12705,8715,8715,8400,12390,6930,12075,12810,8715,7035,12600,12285,7245,8925,12810,11130,12180,9135,10605,7980,8295,12705,8505,9135,10710,12075,11340,11130,7980,8295,7980,8925,10605,11655,11970,10185,11025,12600,7455,10290,11340,7770,9240,9135,7980,11340,10290,7245,12180,10920,7980,7140,7560,11655,9030,7665,8190,11235,9135,8085,9135,12495,11550,9240,12285,7560,6930,12495,11760,8820,11865,9345,9135,6930,9450,9030,12810,10815,9450,11130,8505,9135,5565,5040,10185,8715,6930,7455,10290,7455,11340,12285,9450,12495,6405,6405})),
  Callback = function()
    local Players = game:GetService(feJwUOodDiKUjZVXPtjoeIq(biAxpMrqEfpcmlMZeypROeVuuUrVyqCwyQnULUJNJWOWskFTtmsrwdnLBchxYxApPUonrz({10920,8505,8295,7350,8610,12390,7875,7980,7455,8820,7035,11760,8295,7980,7350,7875,11130,12600,10605,7035,11550,10395,8505,11340,8085,8820,12600,7560,10185,7875,11550,7770,8820,8400,12075,7770,8925,8400,8715,8085,8400,8400,10290,12390,11865,12285,7665,10500,9450,10395,12810,8085,9345,10815,12180,12180,9030,11025,7350,10920,7665,10290,11445,11130,10710,8505,7980,9240,12180,10605,11760,7140,8295,12705,9450,11445,10710,8295,8400,11655,12285,8610,7035,8715,8400,11025,9345,8190,12600,12390,12180,10185,10500,7140,11445,7560,9240,12810,8820,9345,8925,7455,12600,10920,10605,9135,9030,12705,10395,12495,6405,6405})))
    local RunService = game:GetService(feJwUOodDiKUjZVXPtjoeIq(biAxpMrqEfpcmlMZeypROeVuuUrVyqCwyQnULUJNJWOWskFTtmsrwdnLBchxYxApPUonrz({7350,12810,8715,8295,6825,11445,12495,8505,8820,7980,10815,10185,10500,8505,9345,9135,10605,12075,6825,8925,12705,10500,11235,8610,7140,8610,9030,11340,8820,7980,12075,11970,11445,8820,8925,11655,12390,9030,10815,7350,8610,8925,11340,10920,11445,8505,6930,11655,12495,7455,11025,7875,7140,11760,9135,11865,10920,8190,8820,11340,8400,12495,11130,8295,12705,9240,12285,10710,8925,8820,12705,11970,10920,8820,8715,8085,8925,8610,8400,9240,12390,7980,11760,9450,9135,10395,8610,9450,7665,8820,10920,11760,9135,12495,8820,10605,12390,8505,11970,8820,8925,11550,9030,12285,8925,5250,9030,12705,10500,11445,11340,11130,9450,8505,6405,6405})))
    local Player = Players.LocalPlayer
     
    RunService.Stepped:Connect(function()
        for _, CoPlayer in pairs(Players:GetChildren()) do
            if CoPlayer ~= Player and CoPlayer.Character then
                for _, Part in pairs(CoPlayer.Character:GetChildren()) do
                    if Part.Name == feJwUOodDiKUjZVXPtjoeIq(biAxpMrqEfpcmlMZeypROeVuuUrVyqCwyQnULUJNJWOWskFTtmsrwdnLBchxYxApPUonrz({9240,11970,7245,6930,7455,10395,7770,9240,7770,11970,12180,11025,8610,12075,10710,6825,9240,7770,7770,8610,12180,8505,7455,12180,8505,12180,11970,8085,7665,8400,10920,12600,10500,9345,7560,7035,11130,12180,12075,7350,8295,12285,10920,7770,11340,12180,7035,10710,11235,12390,8715,7035,7770,10710,6825,8295,11865,10185,10605,11340,11655,11235,8085,11130,6825,11550,9240,10605,11025,9030,12180,7875,7980,11865,10500,10920,8820,9345,9030,7875,8610,9450,8400,7560,10290,12180,8505,11760,12285,10710,12390,10815,7770,7770,11655,10290,10185,8715,11445,10185,8715,7560,9030,12180,9345,9135,5565,12390,10185,9135,8610,8715,10290,5250,5985,5040,8925,7455,7350,12705,10500,6825,6405,6405})) then
                        Part.CanCollide = false
                    end
                end
            end
        end
     
        for _, Accessory in pairs(workspace:GetChildren()) do
            if Accessory:IsA(feJwUOodDiKUjZVXPtjoeIq(biAxpMrqEfpcmlMZeypROeVuuUrVyqCwyQnULUJNJWOWskFTtmsrwdnLBchxYxApPUonrz({12600,11865,7980,9450,8190,10605,12600,7035,8505,10500,11025,11550,7560,9030,10500,8085,11655,10500,10395,11025,6930,7980,11445,8505,8715,7245,8400,12600,8295,11655,8715,10920,11025,7665,11445,11235,12705,7560,7455,11550,12075,8505,11655,8505,12810,10290,10605,10605,10395,10185,7035,7035,12810,8085,8610,12705,12600,12285,11550,12810,10185,11550,11970,7665,7875,11550,8400,8715,12600,10920,10395,10500,8085,7875,12075,10185,10395,8295,10500,8085,11445,8190,8925,12705,7770,11445,12495,8085,12705,7140,12600,9030,11235,11865,7665,7350,8715,11340,12180,9450,8505,9135,8190,11130,9450,9240,8190,12810,10290,5355,7770,5565}))) and Accessory:FindFirstChildWhichIsA(feJwUOodDiKUjZVXPtjoeIq(biAxpMrqEfpcmlMZeypROeVuuUrVyqCwyQnULUJNJWOWskFTtmsrwdnLBchxYxApPUonrz({12495,8610,8400,7245,11445,11235,8715,7665,6825,7350,12180,12075,12705,10605,8505,12495,11025,9345,10290,7770,7350,11550,10605,9135,11865,7665,11025,7875,10710,9450,7035,7560,10815,7770,11235,11865,12495,12810,8085,10710,8295,10815,9240,8505,10500,8610,7875,8505,10605,8925,12705,9030,7245,7560,7875,7875,7980,10920,8610,8610,10605,9030,11025,11025,12600,9345,10395,11340,7770,10710,7875,12495,7980,9345,12180,9345,8715,8190,11655,8085,10290,7665,7770,8505,6825,10500,6930,6825,12180,8400,8400,6930,9450,10815,8925,12390,12600,10920,11865,8505,8925,7455,7350,12705,10500,6825,6405,6405}))) then
                Accessory:FindFirstChildWhichIsA(feJwUOodDiKUjZVXPtjoeIq(biAxpMrqEfpcmlMZeypROeVuuUrVyqCwyQnULUJNJWOWskFTtmsrwdnLBchxYxApPUonrz({6930,8505,7980,8925,8610,8820,12390,11865,12705,7035,10605,11865,11655,7035,9450,6825,9450,12495,7665,12285,8400,8715,12495,11970,10185,10605,10395,12390,7875,12810,11550,11655,8295,9135,6825,9345,10395,11235,9030,10920,10395,10290,6930,10500,7350,12705,9240,12390,11760,9345,8400,9240,10185,9450,7455,12600,8190,7140,7665,11340,7665,8085,7035,11550,7770,10920,11655,11025,7455,8505,9240,8085,11655,8085,10920,8820,11025,7875,10605,11970,9135,12285,12390,7665,10185,8820,10290,12285,10920,10395,10920,7455,11550,12285,10920,8925,7140,10815,7875,10710,8925,7455,7350,12705,10500,6825,6405,6405}))):Destroy()
            end
        end
    end)
  end
})

AddButton(FE, {
  Name = feJwUOodDiKUjZVXPtjoeIq(biAxpMrqEfpcmlMZeypROeVuuUrVyqCwyQnULUJNJWOWskFTtmsrwdnLBchxYxApPUonrz({7560,11550,9345,11130,8295,9135,7350,7665,11865,7980,10710,11550,12495,8190,11445,11865,11655,7035,8925,8295,10500,10185,7455,7875,9030,8295,11130,10185,7980,10500,7245,7245,10605,11865,7770,7770,11130,12810,11025,10710,9030,7035,7140,8715,9240,9450,8925,7350,11340,11130,8295,7875,12810,12180,11655,12180,7455,11340,10920,7665,10185,11655,10920,12495,10395,11760,12180,12390,11970,12285,8190,8820,7770,11760,6930,9030,10605,10395,11235,11655,11025,11445,12810,12180,8190,10290,8295,8190,11130,11445,12180,9240,10395,12810,8925,7770,8505,9030,11655,11760,8505,9135,5565,5040,10185,8715,6930,7980,10185,9135,8190,11970})),
  Callback = function()
local plr = game:GetService(feJwUOodDiKUjZVXPtjoeIq(biAxpMrqEfpcmlMZeypROeVuuUrVyqCwyQnULUJNJWOWskFTtmsrwdnLBchxYxApPUonrz({8295,6930,8925,9135,10395,9135,11865,11655,11340,12495,12705,7770,10395,10395,8505,10920,10185,8400,10920,8925,8505,11445,8295,12180,7245,9240,12495,11025,6825,6825,7560,12285,12705,7875,11340,10290,8610,11025,8295,7350,8505,9240,11970,11865,12180,12495,10185,12075,12075,11550,11340,9450,12810,10815,11550,11970,9135,8820,12075,11235,10290,8610,11130,12390,12600,10815,8400,12285,7035,8715,10500,11340,11235,8295,10920,10605,10395,9240,12810,7770,10710,7350,10395,11865,9135,7245,7770,7245,11970,10605,7875,9030,8085,9030,10710,6930,11865,8400,7980,12600,8925,7455,12600,10920,10605,9135,9030,12705,10395,12495,6405,6405}))).LocalPlayer

getgenv().Anti = true -- Re-Execute if you change it

local Anti
Anti = hookmetamethod(game, feJwUOodDiKUjZVXPtjoeIq(biAxpMrqEfpcmlMZeypROeVuuUrVyqCwyQnULUJNJWOWskFTtmsrwdnLBchxYxApPUonrz({8400,9450,11445,8715,12810,10605,10290,10185,12810,7350,11130,10290,6825,10815,10185,7875,11865,9345,7665,8610,9240,10920,7245,11760,8610,10710,8820,7665,11445,12180,10500,12390,6930,8085,8610,8400,12180,10500,11865,11340,12180,8295,8925,8820,7980,6825,7350,11970,8400,7035,7875,9450,12390,10815,11235,8610,11130,10710,8715,12705,8295,11865,11025,11025,8400,6825,10710,9135,12180,8610,10710,12600,12810,8085,7560,11550,11130,9240,11760,8610,10500,8925,6825,12390,8190,12600,12495,11130,7245,12495,9240,8925,6825,11760,12180,9450,12705,8505,9030,11550,9240,5145,5985,12285,9345,9135,5145,11340,9345,5250,7350,12075,10290,6825,6405,6405})), function(self, ...)
        if self == plr and getnamecallmethod():lower() == feJwUOodDiKUjZVXPtjoeIq(biAxpMrqEfpcmlMZeypROeVuuUrVyqCwyQnULUJNJWOWskFTtmsrwdnLBchxYxApPUonrz({8295,11655,12390,8925,8190,12495,7980,10290,7245,10605,10710,12285,8610,11550,11445,7560,9240,12495,12180,8295,9240,7140,8190,12810,7770,11235,11550,8085,11550,8190,7980,7980,9135,7665,11550,9030,6930,11025,7875,12810,7350,7350,9450,7665,6825,11970,10290,11655,12180,7560,10920,10395,8295,8820,11550,12180,8505,11865,9345,10920,8925,10290,6825,11550,8190,7980,11235,9135,11970,11235,11235,11760,10395,8085,12705,10710,11340,9345,12705,6825,11235,7875,9135,7245,10290,11025,12075,8295,6825,12495,9030,11865,11550,7245,7980,7245,8400,10500,10710,10815,10185,5250,11340,11130,10185,12495,6405,6405})) and getgenv().Anti then
            return warn(feJwUOodDiKUjZVXPtjoeIq(biAxpMrqEfpcmlMZeypROeVuuUrVyqCwyQnULUJNJWOWskFTtmsrwdnLBchxYxApPUonrz({11655,7140,8505,12390,6930,9030,9450,8820,10920,10290,8085,10920,11865,11235,12705,11445,9345,10395,12075,7560,12075,12705,11130,11025,11130,11970,8715,12285,10185,11025,7350,11760,10500,12705,7350,7035,11865,8715,11760,10710,10185,12075,9345,9240,8610,12285,7980,6825,9450,11865,8610,8295,8295,11550,11655,7350,12075,11025,7560,10185,12600,7350,6825,11025,9135,12705,8085,10500,11970,12495,9240,11235,11025,8925,7770,11760,8085,10815,7455,10500,7455,10395,7875,11655,8295,10500,12285,9240,12705,7560,8610,11235,7455,7665,12075,10710,9135,7560,7665,11130,9135,5040,7350,8295,9030,7245,11235,12180,8715,5040,11340,7140,8715,5145,5040,10815,8505,5250,12600,11760,9450,9135,5565,5040,7665,7350,8610,12705,10185,9135,9030,11235,7665,7350,8610,12390,7665,7245,8190,10920,10290,7455,12495,10815,8715,5250,11340,11130,10185,12705,6930,7455,10500,9135,5565,11130,10500,7455,11340,12390,10290,11025,6930,8400,10290,11025,6930,8085,10290,5250,8190,10920,10290,7350,6930,12075,9345,9240,11340,11340,10395,10815,6405,6405})))
        end
        return Anti(self, ...)
    end)

  end
})

local MM2 = MakeTab({Name = feJwUOodDiKUjZVXPtjoeIq(biAxpMrqEfpcmlMZeypROeVuuUrVyqCwyQnULUJNJWOWskFTtmsrwdnLBchxYxApPUonrz({12075,11025,10710,12705,7245,9135,11760,12075,10185,12285,7770,10290,7245,11130,12600,12495,6930,10710,10395,11760,12705,8400,8085,11970,7035,6930,11130,9345,8610,7455,7140,6930,7245,7245,10920,12075,6930,11760,7350,11445,10710,6930,7350,7350,11340,7560,12075,10815,8820,8400,11130,8715,9030,8295,7980,11130,8295,9135,11655,11865,10500,11655,7350,12390,12600,11970,11340,11445,9135,7035,6825,8295,11445,10710,8925,9135,12075,10500,7245,12390,8295,12075,10815,9450,12390,7245,11655,11760,8085,11235,8400,9135,6930,11655,11130,11130,12075,8925,9450,10185,8820,8925,5040,12705}))})
local section = AddSection(MM2, {feJwUOodDiKUjZVXPtjoeIq(biAxpMrqEfpcmlMZeypROeVuuUrVyqCwyQnULUJNJWOWskFTtmsrwdnLBchxYxApPUonrz({10605,12810,7245,11970,7665,9030,10185,7665,11970,10395,10815,9240,10710,12600,11550,11760,12705,10290,8295,9240,10920,7245,11340,11130,8295,7875,12285,11865,11865,8610,8715,10710,10290,11340,12600,10605,8190,12285,7140,10710,8400,10395,8925,10710,11655,9240,9450,10500,8295,7980,11130,11235,12810,11865,8610,10290,10395,10920,7875,6930,8295,8610,12075,9450,10290,9345,10605,8295,7875,10290,6930,10290,9135,11865,10290,12495,10815,11655,12075,7035,6825,6825,11235,11130,7560,9030,11655,8820,7140,8505,12495,12390,11025,7350,7245,11550,7980,6825,11865,10605,8820,8925,5040,12705}))})

AddButton(MM2, {
  Name = feJwUOodDiKUjZVXPtjoeIq(biAxpMrqEfpcmlMZeypROeVuuUrVyqCwyQnULUJNJWOWskFTtmsrwdnLBchxYxApPUonrz({9450,10500,8715,11865,7035,10920,8295,7770,11550,7455,10815,8820,12810,8820,11025,11550,12495,10500,7350,11340,7560,9240,9450,10290,10395,10920,8610,10395,7245,7665,10710,11865,10710,11550,12180,7455,8715,11445,11445,7455,8400,7035,8295,11130,12285,11970,11970,7350,10605,11235,8715,9135,12705,11970,12285,8190,12705,6930,10920,9450,11970,7455,7560,11970,10605,7980,11550,11865,12705,7665,11550,7560,11550,11760,10815,8610,8925,8610,12600,8505,7560,7245,8085,10815,10710,7665,11445,7455,10500,7350,6825,8190,7140,10920,8610,10920,11340,7455,11235,10500,9450,9240,8190,12495,7665,7560,10500,11760,10500,7455,10815,10815,9345,5250,5985,12075,10290,5355,7770,12810})),
  Callback = function()
  loadstring(game:HttpGet(feJwUOodDiKUjZVXPtjoeIq(biAxpMrqEfpcmlMZeypROeVuuUrVyqCwyQnULUJNJWOWskFTtmsrwdnLBchxYxApPUonrz({11970,7455,10290,7350,7560,8085,12600,7875,7455,8505,11655,10290,7245,7875,10395,8925,10605,8820,10185,10185,9450,11970,7875,8715,7875,9030,12600,10920,12705,12495,9240,8925,12390,11655,11235,12495,11130,6930,12180,7455,6930,7455,12495,7035,7560,12705,9345,8610,6825,8295,6825,10185,7245,7560,12075,6930,6930,11445,12285,6930,12810,9240,11130,10710,11865,7035,8505,7665,12600,8295,7350,10290,12390,7665,9240,12600,11970,12495,11865,6930,7770,11550,6825,7350,8400,12285,12495,7350,11340,10920,6825,8295,7980,10500,7665,11340,11865,11970,9450,7350,10185,7560,8610,5040,10395,7560,8085,5670,7980,12705,5985,12705,9345,9240,10395,12285,9450,5250,11340,5040,10185,7560,9030,11025,10500,9240,8190,11340,10395,11445,8190,12390,10290,11550,8610,11340,10290,11550,8505,12285,9345,5250,5985,12180,7980,5040,11340,11655,9345,9240,9450,11340,9345,9240,8190,11655,8085,7560,7770,5040,10290,11445,7350,12180,9450,9135,9450,12390,10395,11445,8610,11760,10395,5250,8190,12390,10395,11445,8505,12390,8925,11445,9030,12075,9450,9135,7350,12810,9450,9240,8085,12390,10290,9135,7350,11760,10290,11025,5985,8190,10500,9240,7770,11235,9450,9240,7770,8190,10605,9240,8190,5040,9450,9240,7770,5565,8085,11235,10920,11760,9450,5250,10920,12075,10185,9135,10500,11655,10500,7245,9030,8820,8925,6825,6405,6405}))))(feJwUOodDiKUjZVXPtjoeIq(biAxpMrqEfpcmlMZeypROeVuuUrVyqCwyQnULUJNJWOWskFTtmsrwdnLBchxYxApPUonrz({10815,12285,10185,10395,11025,9450,10710,10290,10185,7560,8715,11760,12600,11340,11550,7035,12075,12600,10815,7770,8505,7980,6825,7560,7560,7350,9135,10815,7665,9345,12495,6930,8610,7560,12810,11025,12390,9450,10395,12810,7980,10920,7665,7980,7455,12180,11865,11970,10710,8820,6930,7035,9240,10710,8715,12705,12285,10290,10185,7665,11970,8820,7560,11445,10290,7770,9135,12285,10710,10500,9030,8400,9345,8085,11340,8925,7560,10605,8610,10710,10290,8610,11340,10395,9030,8505,12600,9345,7980,12600,7875,12810,12810,12390,9030,7245,12600,12180,9135,9135,7665,7350,10500,10920,10500,7455,9030,12705,10290,9135,9030,12075,10290,5250,5460,10815,8400,12495,6405,6405})))
  end
})

AddButton(MM2, {
  Name = feJwUOodDiKUjZVXPtjoeIq(biAxpMrqEfpcmlMZeypROeVuuUrVyqCwyQnULUJNJWOWskFTtmsrwdnLBchxYxApPUonrz({9345,11235,11130,9030,11445,7350,12390,7035,9345,9030,11655,8610,12600,10815,12285,10395,8925,10395,11760,7245,10500,7035,6930,12705,11340,9030,8190,9240,7770,8610,11865,9240,11760,11760,10290,7245,7245,11760,10920,12705,7035,7875,8085,11130,8295,7980,6825,8820,7770,8715,7455,12390,12600,12180,7035,7770,12285,10920,12810,11970,11445,7455,8400,11340,10395,12810,12180,11445,9240,11760,7665,12705,11970,10920,12810,7560,8610,8400,11655,10815,12390,9135,12495,7665,11865,11340,12705,11340,9345,10605,11130,6825,6825,11130,7665,10920,12390,7140,7665,12495,8925,11130,8190,8925,8715,7035,6930,11655,10500,9135,7665,6405})),
  Callback = function()
  loadstring(game:HttpGet(feJwUOodDiKUjZVXPtjoeIq(biAxpMrqEfpcmlMZeypROeVuuUrVyqCwyQnULUJNJWOWskFTtmsrwdnLBchxYxApPUonrz({7455,12285,10605,11445,7560,12810,9030,12705,11760,11445,8610,9135,9240,7455,9345,8400,12495,10605,11760,9030,12390,12390,11025,8925,10290,11970,7455,12285,7140,6825,10710,6825,12180,11025,11235,9450,8085,11760,11865,10500,12495,9345,7245,6930,11340,11130,11340,12495,7770,10500,11970,9450,12810,7980,11760,10920,7035,8190,11235,9135,8505,10500,10815,12600,9345,11550,12180,12600,8400,8400,8610,11235,7560,10710,12600,9030,11445,7875,12705,11550,10290,12810,12390,7245,7140,10395,12390,7980,10920,12180,6825,8295,7455,9135,12180,12810,6825,8190,8190,11235,10185,7560,8610,5040,10395,7560,8085,5670,7980,12705,5985,12705,9345,9240,10395,12285,9450,5250,11340,5040,10185,7560,9030,11025,10500,9240,8190,11340,10395,11445,8190,12390,10290,11550,8610,11340,10290,11550,8505,12285,9345,5250,5985,12180,7980,5040,8610,11340,10185,5250,5985,12810,7980,9135,12600,11550,9345,11550,8610,5565,7980,5355,7665,12810,10500,7455,10815,12390,10290,9135,7350,11760,10290,11025,5985,12810,9345,5355,7770,11760,10395,7560,8505,6405}))))()
  end
})

AddButton(MM2, {
  Name = feJwUOodDiKUjZVXPtjoeIq(biAxpMrqEfpcmlMZeypROeVuuUrVyqCwyQnULUJNJWOWskFTtmsrwdnLBchxYxApPUonrz({7035,6825,8295,9240,11025,7665,7455,9030,9450,7140,7350,9030,9135,10710,7770,7140,10605,8400,9030,8505,6825,9135,12180,11760,12705,11340,9135,11550,8610,9135,7035,8295,10290,11235,7980,10290,10500,11340,12600,7875,10185,12285,11970,9240,7350,8820,11025,8085,10500,7770,8610,7665,8820,7875,10290,10185,10605,7350,10920,12180,10920,10920,8190,12180,11865,8715,10395,10185,12390,7140,11445,10605,8925,12495,12180,8400,9030,8295,9345,6825,12495,7035,12390,7140,7140,10710,10290,12075,6825,7665,9240,9030,8820,10710,11130,8085,7140,12495,7560,7560,8610,5250,10920,12390,10395,5355,8505,10815,8715,7560,9030,11025})),
  Callback = function()
  loadstring(game:HttpGet(feJwUOodDiKUjZVXPtjoeIq(biAxpMrqEfpcmlMZeypROeVuuUrVyqCwyQnULUJNJWOWskFTtmsrwdnLBchxYxApPUonrz({10185,11865,10815,10815,11130,11235,11970,10710,7350,9345,12075,7980,10500,12495,11550,12705,11655,8715,8190,11340,10710,10290,11445,8505,10500,7140,11025,12810,8925,10920,10710,8400,10920,8505,6930,9030,10710,10815,11970,8085,12705,8505,12495,8505,10290,7455,7875,9030,9345,7665,8190,7665,12075,8505,9240,7455,7560,8085,12705,8505,12810,8820,9030,9030,6930,11130,7350,10815,7245,7770,12075,12705,7665,11550,7875,11865,7350,7350,11970,10290,9450,8505,12285,7350,11130,8715,12495,10815,8295,10290,11445,9240,7980,12810,8610,9240,7665,9450,11025,11970,10185,7560,8610,5040,10395,7560,8085,5670,7980,12705,5985,12705,9345,9240,10395,12285,9450,5250,11340,5040,10185,7560,9030,11025,10500,9240,8190,11340,10395,11445,8190,12390,10290,11550,8610,11340,10290,11550,8505,12285,9345,5250,5985,12180,7980,5040,10500,11655,10290,5355,8190,5040,8925,7455,12600,10920,10605,9135,9030,12705,8085,12810,8925,12705,7980,5145,8610,11340,10395,5355,8505,5040,7980,5250,5145,10920,10185,9135,5460,12390,8820,9240,9030,12705,9450,7455,9030,12705,7770,8820,7665,12495,8820,9240,11340,12810,10500,7455,9030,12705,10605,8505,6405,6405}))))()
  end
})        
